1597195476.089013338 0.572838649 0.755127077 -0.781334105 0.983900005 0.176050865 -0.025806168 0.016760516
1597195476.188924074 0.660467965 0.867735008 -0.836956018 0.983960879 0.176127339 -0.024079541 0.014843323
1597195476.288984776 0.753601477 0.989300929 -0.892993705 0.984040355 0.176096450 -0.022019530 0.013029199
1597195476.389045477 0.848922135 1.114641318 -0.947874084 0.984106965 0.176070372 -0.020133448 0.011284929
1597195476.488955975 0.940347897 1.236651822 -0.999226610 0.984170798 0.175953769 -0.018977754 0.009378538
1597195476.589016676 1.035816336 1.365979241 -1.052598611 0.984261873 0.175705714 -0.017147742 0.007875408
1597195476.688927412 1.131148903 1.493480681 -1.106352366 0.984302327 0.175667009 -0.015620746 0.006784074
1597195476.788988113 1.233744156 1.631012823 -1.161867808 0.984385173 0.175366708 -0.014166046 0.005627837
1597195476.888898611 1.338680791 1.771295139 -1.218014856 0.984486740 0.174931868 -0.012792659 0.004587713
1597195476.988959312 1.442948450 1.909556560 -1.272190911 0.984532020 0.174781054 -0.011751119 0.003193251
1597195477.088870049 1.547671759 2.048415567 -1.319339312 0.984585656 0.174558869 -0.010782059 0.002008819
1597195477.188930750 1.655092667 2.188723888 -1.358482664 0.984634725 0.174329868 -0.010128522 0.000983787
1597195477.288991451 1.763934678 2.332808008 -1.390414609 0.984684509 0.174095921 -0.009323100 0.000327518
1597195477.388452053 1.873578540 2.477152794 -1.417799456 0.984716428 0.173958250 -0.008486081 -0.000265897
1597195477.488512516 1.985988905 2.624427275 -1.441017491 0.984409986 0.173580823 0.016642703 -0.023015171
1597195477.588573217 2.096524946 2.768931066 -1.449287474 0.982823431 0.173339751 0.043348834 -0.046176975
1597195477.688483953 2.198136909 2.901051678 -1.444629760 0.981861344 0.173360674 0.053578102 -0.054988760
1597195477.788544655 2.293620475 3.024415873 -1.436608734 0.980093383 0.174728186 0.052707917 -0.078159435
1597195477.888455391 2.381771897 3.132791672 -1.420640688 0.976149689 0.176713154 0.048365700 -0.116468899
1597195477.988515854 2.447884965 3.194886577 -1.402015322 0.974443602 0.177561045 0.046315518 -0.129563165
1597195478.188487291 2.574008829 3.258040970 -1.391658101 0.975424160 0.177616314 0.043456837 -0.122929476
1597195478.388458729 2.684927218 3.240552146 -1.408277404 0.977845483 0.177387367 0.040018898 -0.103684242
1597195478.588429928 2.781884605 3.145125104 -1.442149316 0.979871936 0.177479480 0.035818533 -0.084077680
1597195478.688490629 2.820941261 3.071786013 -1.457604229 0.980666828 0.177449796 0.033523331 -0.075367959
1597195478.788551331 2.858569767 2.983576047 -1.473997041 0.981309648 0.177520675 0.030793334 -0.067598482
1597195478.888461828 2.889908524 2.881646937 -1.489188964 0.981854697 0.177595257 0.027562274 -0.060511159
1597195478.988522530 2.916637466 2.767564971 -1.502963407 0.982288044 0.177756427 0.024113518 -0.054142315
1597195479.088433266 2.940391739 2.646576403 -1.515142519 0.982679698 0.177649463 0.020733512 -0.048491253
1597195479.188493967 2.961276261 2.514643760 -1.526105978 0.982984897 0.177613764 0.017343060 -0.043511624
1597195479.288404703 2.980259489 2.373916946 -1.535923092 0.983228679 0.177569746 0.014123023 -0.039126586
1597195479.388465166 2.995863798 2.224871211 -1.544234458 0.983388747 0.177720228 0.010987075 -0.035233180
1597195479.488525867 3.009352872 2.070144606 -1.551502983 0.983513260 0.177820134 0.008083292 -0.031879890
1597195479.588436604 3.022658981 1.909651882 -1.557960153 0.983585059 0.178018262 0.005193454 -0.029033747
1597195479.688347340 3.034631035 1.743802532 -1.563612797 0.983649573 0.178091281 0.002491027 -0.026660969
1597195479.788408041 3.045883891 1.573274077 -1.568037026 0.983687619 0.178215248 -0.000195701 -0.024453117
1597195479.888468504 3.057300074 1.398813844 -1.572289585 0.983708930 0.178324161 -0.002899935 -0.022557134
1597195479.988379240 3.068385843 1.221099334 -1.576285451 0.983715288 0.178418406 -0.005410607 -0.021019736
1597195480.088439941 3.079649844 1.041649005 -1.579769804 0.983721188 0.178460818 -0.007769675 -0.019595727
1597195480.188350677 3.092411475 0.860002045 -1.583563121 0.983685306 0.178680113 -0.010063794 -0.018312746
1597195480.288411140 3.106253976 0.676752421 -1.587140662 0.983668852 0.178754179 -0.012210834 -0.017129764
1597195480.388321877 3.122615890 0.492887102 -1.590466368 0.983657563 0.178762436 -0.014292235 -0.016047493
1597195480.488382578 3.140843128 0.306554642 -1.593807019 0.983628267 0.178829358 -0.016390252 -0.015061649
1597195480.588293314 3.161960273 0.118449381 -1.597084136 0.983590140 0.178951249 -0.018169030 -0.014027623
1597195480.688354015 3.186443916 -0.068878520 -1.599988606 0.983558124 0.179045942 -0.019745156 -0.012887816
1597195480.788264513 3.214841228 -0.256530016 -1.602524494 0.983526837 0.179081073 -0.021611785 -0.011741444
1597195480.888325214 3.245945327 -0.446830384 -1.605221278 0.983463460 0.179176920 -0.024182784 -0.010509415
1597195480.988235950 3.280246552 -0.636529509 -1.606209842 0.983155750 0.179986470 -0.018983525 0.025480728
1597195481.088296652 3.316217143 -0.821631393 -1.595865575 0.981654991 0.180608228 -0.011254599 0.060062311
1597195481.188357353 3.349716858 -0.988244813 -1.575823120 0.980729004 0.180927458 -0.007176643 0.073378275
1597195481.288267851 3.379603473 -1.133299363 -1.547063812 0.978765227 0.182845571 0.022203661 0.089961802
1597195481.388178587 3.398621186 -1.255132393 -1.484933492 0.975785773 0.184615205 0.052702134 0.104794257
1597195481.488239288 3.402228629 -1.355339038 -1.417694884 0.974646119 0.185095906 0.063050952 0.108761325
1597195481.588299990 3.390977220 -1.438652657 -1.359303338 0.974860353 0.185104945 0.063343415 0.106635183
1597195481.788271189 3.323499211 -1.555672567 -1.274900580 0.976768737 0.184882893 0.052678532 0.094689606
1597195481.988242626 3.203208152 -1.612103200 -1.223779918 0.978756607 0.184686512 0.039272448 0.079900383
1597195482.188213825 3.039412922 -1.611363307 -1.186404285 0.980236565 0.184601870 0.028499280 0.065163003
1597195482.388185263 2.841539093 -1.564034507 -1.149795938 0.981247055 0.184632610 0.020525141 0.051417265
1597195482.488245964 2.732428783 -1.524239125 -1.129410190 0.981591618 0.184675344 0.017550690 0.045441024
1597195482.588156462 2.616367954 -1.476265916 -1.107794110 0.981875524 0.184663561 0.015188242 0.039864032
1597195482.688217163 2.495160611 -1.420036226 -1.084391506 0.982097056 0.184651663 0.013302284 0.034816443
1597195482.788127899 2.369769333 -1.357590023 -1.059171509 0.982258302 0.184701723 0.011917596 0.030197225
1597195482.888188601 2.238122516 -1.290960739 -1.030812622 0.982361143 0.184848707 0.010898852 0.026052941
1597195482.988249302 2.103929137 -1.218613357 -1.001371695 0.982453731 0.184909503 0.010004818 0.022204632
1597195483.088159800 1.968418028 -1.140167356 -0.970894098 0.982532550 0.184931561 0.009152661 0.018610060
1597195483.188220501 1.829356416 -1.058176076 -0.939584604 0.982583465 0.184990651 0.008637844 0.015283370
1597195483.288131237 1.688878878 -0.972169482 -0.908165677 0.982637658 0.184942258 0.008323301 0.012260374
1597195483.388191938 1.545457219 -0.884223611 -0.875417763 0.982679028 0.184897782 0.008144638 0.009402327
1597195483.488102436 1.399465600 -0.794508994 -0.841687933 0.982714907 0.184821563 0.008192484 0.006729367
1597195483.588013172 1.251746966 -0.702417461 -0.808330619 0.982762718 0.184640794 0.008026919 0.004559183
1597195483.688073874 1.102132653 -0.609610958 -0.778817630 0.982792363 0.184532611 0.007591618 0.003042135
1597195483.788134575 0.949980941 -0.516230276 -0.752427764 0.982806113 0.184498235 0.007013378 0.001832243
1597195483.888045073 0.796513732 -0.421811919 -0.730008275 0.982835230 0.184372801 0.006383217 0.000914551
1597195483.988105774 0.641944668 -0.326355011 -0.710000982 0.982864751 0.184239845 0.005704535 -0.000141307
1597195484.088016510 0.487082061 -0.230549241 -0.692638781 0.982893381 0.184099482 0.005162263 -0.001154907
1597195484.188077211 0.331380391 -0.135234327 -0.676447999 0.982343323 0.183977483 -0.023445402 -0.024580354
1597195484.288137913 0.181819700 -0.044258400 -0.651955302 0.980807647 0.183522971 -0.049001920 -0.043982845
1597195484.388048410 0.043508041 0.040216213 -0.621288112 0.980057613 0.183139976 -0.058146913 -0.050653333
1597195484.488109112 -0.084274624 0.117778525 -0.591932019 0.979999921 0.182893627 -0.059461293 -0.051131511
1597195484.588019848 -0.202201341 0.187528275 -0.568700543 0.979576380 0.182704353 -0.063814677 -0.054561181
1597195484.688080549 -0.308985535 0.250672337 -0.550796755 0.979255588 0.182545870 -0.067178193 -0.056767850
1597195484.888051748 -0.477045779 0.351738275 -0.529086406 0.979067700 0.182205117 -0.069833815 -0.057887582
1597195484.987962484 -0.539419168 0.390394987 -0.522122310 0.978261050 0.183214339 -0.082950344 -0.050567419
1597195485.088023186 -0.583983433 0.421355140 -0.505215922 0.976722430 0.184844857 -0.101592496 -0.039046612
1597195485.388055086 -0.604666276 0.499875296 -0.475722674 0.977792842 0.185817443 -0.092809937 -0.027916853
1597195485.487965822 -0.573920442 0.522094190 -0.476904411 0.978541226 0.185941500 -0.084682147 -0.026678872
1597195485.588026524 -0.524944667 0.543139509 -0.481017656 0.979254110 0.185856449 -0.076576649 -0.025588762
1597195485.687937260 -0.461017324 0.562273611 -0.485634560 0.979825329 0.185876638 -0.069214384 -0.024526925
1597195485.787997723 -0.381592795 0.578539332 -0.490505369 0.980308052 0.185962515 -0.062284792 -0.023122960
1597195485.887908459 -0.290437544 0.593448495 -0.494055378 0.980707308 0.186034619 -0.056013515 -0.021605144
1597195486.088029861 -0.074414693 0.618242937 -0.496122882 0.981303618 0.186151000 -0.045301071 -0.018407253
1597195486.187940359 0.048281531 0.627496136 -0.496582494 0.981547178 0.186107224 -0.040533915 -0.016918667
1597195486.288001060 0.179232531 0.635576591 -0.495315314 0.981741239 0.186106006 -0.036296709 -0.015206661
1597195486.387911797 0.317120752 0.642471700 -0.491692681 0.981892212 0.186104964 -0.032706728 -0.013523891
1597195486.587433100 0.611137464 0.653652408 -0.480210263 0.982137713 0.185975621 -0.026681067 -0.010329693
1597195486.787554502 0.926966000 0.661043781 -0.467292673 0.982328771 0.185702579 -0.021786987 -0.008370524
1597195486.987525702 1.257978686 0.666044227 -0.453767511 0.982474217 0.185392853 -0.017653560 -0.007890227
1597195487.187497139 1.601274470 0.669862195 -0.441132461 0.982440331 0.185008330 0.024134595 0.000659981
1597195487.287407637 1.768177967 0.673114396 -0.423937646 0.981353266 0.184300286 0.054168350 0.006705417
1597195487.387468338 1.924815838 0.675356935 -0.400951963 0.980765633 0.183981287 0.064596831 0.008769805
1597195487.487379074 2.067692557 0.677802720 -0.379641321 0.982187918 0.183564756 0.037981712 0.012971665
1597195487.587439775 2.202897102 0.682465129 -0.373065500 0.982964240 0.182803462 -0.001238106 0.019043728
1597195487.687500477 2.338403125 0.689607221 -0.381061203 0.982806294 0.182370520 -0.018524401 0.022127565
1597195487.787410975 2.475215335 0.700103425 -0.398442004 0.982711081 0.181951645 -0.024894524 0.023511553
1597195487.987382412 2.760764553 0.740385591 -0.433456105 0.982749508 0.181677456 -0.025281770 0.023612243
1597195488.187353611 3.060671785 0.804029792 -0.463482874 0.982901932 0.181576635 -0.021391499 0.021820204
1597195488.387325048 3.375384682 0.886985308 -0.485224737 0.983004701 0.181770350 -0.017543728 0.018802012
1597195488.487385750 3.537121745 0.937169700 -0.493475880 0.983052226 0.181813110 -0.016031674 0.017184263
1597195488.687356949 3.861906126 1.050740160 -0.511700708 0.983159163 0.181766556 -0.013175793 0.013615344
1597195488.887328386 4.194640163 1.178345476 -0.524212179 0.983228485 0.181786359 -0.011079891 0.009628223
1597195489.087299585 4.530990431 1.314546125 -0.536383807 0.983272771 0.181782391 -0.009531126 0.006243253
1597195489.287271023 4.877832151 1.459650957 -0.548422769 0.983251763 0.182040627 -0.008410946 0.002537126
1597195489.487242460 5.222597889 1.607718773 -0.556822920 0.983172734 0.182505242 -0.007897922 -0.000913130
1597195489.587302923 5.397584558 1.684282925 -0.559472190 0.983155960 0.182590245 -0.007658414 -0.002551360
1597195489.787274361 5.748127650 1.834344355 -0.567825420 0.983087858 0.182921389 -0.007108293 -0.005244189
1597195489.887185097 5.927454766 1.915035056 -0.573381772 0.983068821 0.182993767 -0.006860426 -0.006473663
1597195490.087156296 6.280463156 2.065076218 -0.580163855 0.983032304 0.183116894 -0.006673594 -0.008435415
1597195490.187216997 6.454583407 2.137350717 -0.582820426 0.983024728 0.183124126 -0.006430896 -0.009305005
1597195490.287127733 6.639470275 2.215592421 -0.588781351 0.983031460 0.183065847 -0.006276697 -0.009830910
1597195490.387188435 6.823500070 2.292476928 -0.593113156 0.983023834 0.183079192 -0.006213136 -0.010370517
1597195490.587159634 7.185192826 2.432007773 -0.602467092 0.982976710 0.183305581 -0.005689784 -0.011112047
1597195490.787131071 7.563089520 2.575658335 -0.614152305 0.982985719 0.183269922 -0.005254255 -0.011117751
1597195490.887191772 7.743189235 2.641979931 -0.618385669 0.983032672 0.183038414 -0.005085081 -0.010855764
1597195490.987102270 7.929847499 2.708472057 -0.621658906 0.983030978 0.183072263 -0.005022655 -0.010460172
1597195491.187073708 8.301665011 2.835313381 -0.630637348 0.983065740 0.182938397 -0.004902684 -0.009552843
1597195491.287134409 8.487773267 2.896645809 -0.633099727 0.983115497 0.182692364 -0.004976891 -0.009091221
1597195491.387195110 8.676175152 2.958002259 -0.636365166 0.983143450 0.182559996 -0.005019532 -0.008695335
1597195491.487105608 8.867617713 3.019305932 -0.639538830 0.983149233 0.182529780 -0.005064495 -0.008649651
1597195491.587166309 9.053199951 3.078526411 -0.641094985 0.983151657 0.182485630 -0.005212702 -0.009200134
1597195491.687077045 9.246145609 3.139428695 -0.641503290 0.982965537 0.182149302 0.022278960 -0.010199632
1597195491.787137747 9.433934192 3.197682724 -0.633030700 0.981522927 0.181418681 0.059845402 -0.010887302
1597195491.887048244 9.608061653 3.250754377 -0.613742864 0.980684810 0.180958645 0.073477531 -0.010598318
1597195491.987108946 9.765779887 3.297328014 -0.593460328 0.979677905 0.184048350 0.079057976 -0.010355903
1597195492.087019682 9.905525047 3.338301150 -0.572738226 0.973839231 0.210070944 0.086194209 -0.008826553
1597195492.187080383 10.030000477 3.373720767 -0.554106263 0.963802393 0.250653824 0.090624884 -0.006688652
1597195492.287141085 10.140953100 3.405052541 -0.540343069 0.953909549 0.285541395 0.092116985 -0.006094705
1597195492.387051582 10.229223841 3.427261562 -0.532490571 0.946607963 0.309114183 0.091288121 -0.006947269
1597195492.487112284 10.299152386 3.440639039 -0.530671699 0.941421036 0.325307643 0.088493993 -0.008377586
1597195492.587023020 10.357630659 3.449062074 -0.533311289 0.937884275 0.336345274 0.084551935 -0.009793539
1597195492.786994219 10.416331946 3.440702847 -0.549525766 0.934163090 0.348908677 0.073974101 -0.011396917
1597195492.986965656 10.428898922 3.409577210 -0.573813894 0.932835936 0.354885456 0.061326456 -0.010606390
1597195493.187087059 10.400035707 3.357136893 -0.596402369 0.932527653 0.357870036 0.047660247 -0.007050892
1597195493.386908293 10.325918306 3.286013811 -0.616817158 0.933910470 0.356598386 0.025429458 -0.001472411
1597195493.486968994 10.277984438 3.244792862 -0.635179927 0.944084218 0.329678019 -0.002226891 0.003526156
1597195493.587029696 10.233453456 3.208012817 -0.643751285 0.960888837 0.276284015 -0.017092693 0.008223536
1597195493.686940193 10.193008654 3.173291789 -0.640753059 0.979210072 0.200879955 -0.025173758 0.012694932
1597195493.787000895 10.154878721 3.145370319 -0.631709204 0.993342107 0.110252892 -0.029002550 0.016571389
1597195493.886911631 10.124111411 3.120499991 -0.623183823 0.999082720 0.023808389 -0.030594114 0.018190093
1597195493.986972332 10.098197929 3.101124081 -0.615889071 0.998628160 -0.038505654 -0.030983289 0.017295906
1597195494.087033033 10.079555387 3.084706462 -0.611886049 0.996192957 -0.080318264 -0.030392361 0.014995751
1597195494.186943531 10.067930834 3.073060849 -0.607781540 0.993622863 -0.108186409 -0.029316966 0.012240224
1597195494.386914968 10.069832827 3.065612961 -0.607185344 0.994767653 -0.098466525 -0.026185184 0.007483096
1597195494.486975670 10.077616833 3.062885003 -0.606118572 0.996598292 -0.078492040 -0.024362795 0.006107223
1597195494.586886168 10.090376657 3.062868291 -0.604452869 0.997632521 -0.064854526 -0.022156432 0.005686420
1597195494.686946869 10.108214841 3.065057801 -0.608252174 0.998234117 -0.055861580 -0.019442460 0.005488407
1597195494.886918306 10.151001173 3.069611092 -0.609073185 0.998860716 -0.045406641 -0.013752142 0.005136759
1597195495.086889505 10.203999029 3.080928325 -0.609661628 0.999134874 -0.040560328 -0.008014247 0.004487299
1597195495.386921644 10.292389931 3.112249479 -0.610024522 0.999283789 -0.037722210 -0.000234786 0.002981429
1597195495.486832142 10.319717594 3.125049500 -0.607427793 0.997967893 -0.037080089 0.049727862 -0.014570227
1597195495.586892843 10.334701088 3.132818708 -0.603095533 0.996083187 -0.036283753 0.076948645 -0.024097282
1597195496.086596251 10.144413568 3.114228127 -0.616652859 0.996934368 -0.035019885 0.066205303 -0.022634751
1597195496.286567450 9.972697534 3.082337645 -0.631207189 0.997765287 -0.034970533 0.053620621 -0.019139577
1597195496.486538887 9.759392034 3.038631321 -0.639930024 0.998342323 -0.035041219 0.042817046 -0.015856214
1597195496.686510086 9.510918235 2.985241093 -0.644885954 0.998700327 -0.035339057 0.034282816 -0.013171820
1597195496.886481524 9.235976967 2.923899586 -0.643894666 0.998934726 -0.035532981 0.027434180 -0.010685836
1597195497.086452961 8.939785892 2.853188760 -0.641316151 0.999084468 -0.035580955 0.022081121 -0.008754789
1597195497.286574125 8.624784367 2.774370678 -0.636829907 0.999174154 -0.035758033 0.017846558 -0.007339802
1597195497.486395597 8.294502400 2.692263601 -0.633510779 0.999232733 -0.035839097 0.014372148 -0.006553261
1597195497.586456299 8.124542431 2.648618941 -0.631070738 0.999335617 -0.035809584 0.005545147 -0.003905114
1597195497.686516762 7.952595442 2.607591367 -0.623574171 0.998392566 -0.035742343 -0.042952071 0.009480987
1597195497.786427498 7.792464624 2.567939204 -0.604210465 0.997308274 -0.035541649 -0.062397598 0.014816798
1597195497.986398935 7.511839467 2.497694851 -0.563291977 0.995723856 -0.052118097 -0.074016755 0.018418093
1597195498.086459398 7.391964540 2.468812238 -0.548500372 0.991640922 -0.100949135 -0.077610920 0.020835034
1597195498.186520100 7.284253341 2.440878856 -0.533633858 0.981476571 -0.173733641 -0.077418479 0.022950856
1597195498.286430836 7.190188631 2.415422542 -0.521790505 0.962019699 -0.261861281 -0.073126208 0.024481131
1597195498.386491537 7.108578040 2.391976964 -0.514070064 0.930878230 -0.358618651 -0.065038310 0.025067956
1597195498.486402273 7.043551811 2.369633072 -0.511741294 0.886737983 -0.458484731 -0.053249669 0.025533773
1597195498.586462736 6.989545271 2.347282419 -0.512431634 0.829220960 -0.556950126 -0.038884695 0.026213298
1597195498.686373472 6.943274019 2.323923338 -0.514597239 0.758634151 -0.650500580 -0.023115995 0.028086857
1597195498.786134243 6.903047711 2.301908942 -0.516579120 -0.675721151 0.736441008 0.007602692 -0.031587455
1597195498.885744810 6.870058461 2.283028844 -0.521046969 -0.581960875 0.812360564 -0.006277771 -0.036775580
1597195498.985805511 6.846574869 2.272227503 -0.525463447 -0.477959426 0.877148362 -0.016935330 -0.043344357
1597195499.085716009 6.827394748 2.268691089 -0.526335791 -0.366076709 0.928952587 -0.022660684 -0.050213817
1597195499.185776711 6.813017575 2.276082386 -0.527752282 -0.250131953 0.966296671 -0.023521585 -0.056138078
1597195499.285837412 6.819669047 2.293423250 -0.531811571 -0.150633291 0.986571387 -0.018664114 -0.060317169
1597195499.385748148 6.827923208 2.314551352 -0.533625949 -0.082036825 0.994749499 -0.010105581 -0.060342935
1597195499.485808849 6.834220049 2.334251909 -0.549170784 -0.044880605 0.997381641 -0.001491806 -0.056686581
1597195499.585719347 6.865876147 2.355524890 -0.563293808 -0.037863630 0.997973080 0.006009122 -0.050793383
1597195499.685780048 6.908731119 2.377418462 -0.565156225 -0.055749751 0.997456586 0.010831711 -0.043069700
1597195499.785840750 6.963564302 2.399776326 -0.565184164 -0.088056786 0.995433656 0.012284425 -0.034740925
1597195499.885751486 7.015109871 2.415024224 -0.561894619 -0.123991043 0.991888262 0.011008914 -0.025742982
1597195499.985812187 7.085791450 2.436317246 -0.562643053 -0.155204880 0.987689551 0.008242373 -0.017687848
1597195500.085722685 7.163466764 2.455069997 -0.561751514 -0.177150118 0.984121847 0.005242345 -0.009723336
1597195500.185783386 7.240920324 2.472641010 -0.560923521 -0.191984405 0.981391391 0.002836628 -0.002209169
1597195500.285844088 7.313762395 2.488512069 -0.559409599 -0.202023861 0.979368441 0.001058816 0.004763930
1597195500.485665321 7.463370285 2.518025079 -0.553027584 -0.212877186 0.976933477 -0.000176231 0.016859826
1597195500.685786724 7.603881714 2.546639742 -0.546457981 -0.217804558 0.975657892 0.000504671 0.025545999
1597195500.885758162 7.705490209 2.569462004 -0.538478451 -0.220085733 0.974973216 0.001193300 0.031433642
1597195501.285700798 7.822241608 2.593840890 -0.529341729 -0.221711152 0.974791629 0.000533146 0.025003216
1597195501.585732698 7.879055319 2.604436910 -0.536185967 -0.221813487 0.973331456 0.003542456 0.058413234
1597195501.685793400 7.875203184 2.603873929 -0.551684324 -0.221648406 0.971737857 0.005518193 0.081037462
1597195502.085736036 7.740707028 2.553936825 -0.621130213 -0.221854317 0.972278813 0.004959376 0.073688378
1597195502.285707474 7.586912838 2.501859315 -0.656513246 -0.221919896 0.973157283 0.003946679 0.060834910
1597195502.485678673 7.388287312 2.437316818 -0.688788183 -0.222066698 0.973770375 0.002942092 0.049487191
1597195502.685650110 7.152354993 2.362886458 -0.716202701 -0.222134878 0.974190070 0.002316151 0.040055446
1597195502.885621309 6.886531088 2.281734986 -0.738119270 -0.222261348 0.974444285 0.002115037 0.032461608
1597195503.085592747 6.599514400 2.193141784 -0.758403268 -0.222388086 0.974600708 0.001684284 0.026346972
1597195503.285563946 6.294198561 2.098149559 -0.776245456 -0.222322563 0.974733425 0.001721050 0.021551481
1597195503.485685349 5.972830602 1.997077912 -0.795325487 -0.222244149 0.974826033 0.001507868 0.017873725
1597195503.685656786 5.639680573 1.900327467 -0.810972850 -0.222650434 0.974782877 0.001248359 0.014952192
1597195503.885627985 5.300421945 1.796037965 -0.821788993 -0.222659544 0.974815519 0.001269174 0.012482824
1597195503.985538721 5.129196714 1.742465138 -0.825084636 -0.222600318 0.974560334 -0.001721247 -0.026044018
1597195504.085599422 4.963020510 1.692674645 -0.816392788 -0.222347860 0.973166391 -0.004539307 -0.059059283
1597195504.185660124 4.807290169 1.645848777 -0.797938382 -0.222261776 0.972391879 -0.005514108 -0.070875464
1597195504.385631323 4.533905605 1.559200602 -0.774865159 -0.267245109 0.960041251 -0.003823997 -0.082983281
1597195504.485542059 4.421273303 1.522417646 -0.764346549 -0.329774592 0.940138786 -0.000996706 -0.085946431
1597195504.585602760 4.324623533 1.492146659 -0.754224415 -0.408884719 0.908582158 0.002089320 -0.085366171
1597195504.685513258 4.240467234 1.467688473 -0.747511920 -0.496391012 0.864323243 0.004779072 -0.080736953
1597195504.785573959 4.173150592 1.450850055 -0.747123135 -0.586667163 0.806580882 0.006987549 -0.072111678
1597195504.885184526 4.120120982 1.440141327 -0.749552895 -0.674139019 0.736125876 0.009500234 -0.059707812
1597195504.985095263 4.077216358 1.438952401 -0.758000480 0.753676405 -0.655598051 -0.012607454 0.044767437
1597195505.085155964 4.040759662 1.441635084 -0.769009364 0.811612013 -0.583236210 -0.015871086 0.029488520
1597195505.185216665 4.008284060 1.446568666 -0.777075350 0.847324751 -0.530482362 -0.018957050 0.016427438
1597195505.285127401 3.981996178 1.452886756 -0.783601542 0.868637325 -0.494932974 -0.021653674 0.006455060
1597195505.385187864 3.960003416 1.456259570 -0.791094848 0.874292861 -0.484839033 -0.023304539 0.000065781
1597195505.485098600 3.943778495 1.457132478 -0.793466066 0.866867188 -0.498003164 -0.022924620 -0.002930518
1597195505.585159302 3.929196661 1.457375162 -0.792596225 0.851996677 -0.523145587 -0.020190099 -0.003566066
1597195505.685070038 3.916586033 1.457258893 -0.792550351 0.839807635 -0.542640076 -0.015984895 -0.003060640
1597195505.785130501 3.906723653 1.453433138 -0.795521785 0.831444601 -0.555479680 -0.011762067 -0.001962985
1597195505.885041237 3.899866886 1.450370383 -0.794397424 0.825603416 -0.564187270 -0.008417068 -0.000936840
1597195506.085162640 3.887686078 1.438453585 -0.796985990 0.819059966 -0.573695586 -0.003699264 0.000679140
1597195506.485105276 3.879386035 1.414026794 -0.802212662 0.814530665 -0.580118869 -0.000269169 0.001349312
1597195506.685076714 3.876420151 1.404164128 -0.802668427 0.813586340 -0.580847250 -0.023089058 -0.012674179
1597195506.784987211 3.880734921 1.396328247 -0.798931681 0.812095706 -0.580510562 -0.051328917 -0.029553241
1597195506.885047913 3.885892060 1.378300809 -0.797425402 0.811381205 -0.580191623 -0.061417865 -0.035581818
1597195507.185079813 3.939298226 1.248561666 -0.805763163 0.811396881 -0.580911940 -0.055959151 -0.032326348
1597195507.385051250 4.001332575 1.104586078 -0.816273989 0.811831512 -0.581455552 -0.046208786 -0.026528967
1597195507.585022688 4.081901348 0.923964608 -0.823161691 0.812210156 -0.581775154 -0.037395254 -0.021305567
1597195507.784993887 4.177581861 0.714363135 -0.825336004 0.812384374 -0.582109687 -0.029861362 -0.016977618
1597195507.984965324 4.283333719 0.481098195 -0.823647919 0.812418657 -0.582434121 -0.023641659 -0.013692761
1597195508.184936523 4.396240593 0.230819474 -0.818779704 0.812430309 -0.582649067 -0.018818474 -0.011087062
1597195508.384907961 4.512284824 -0.032562086 -0.812595636 0.812662686 -0.582479884 -0.014665462 -0.009025949
1597195508.584879160 4.634472548 -0.308399284 -0.802733336 0.812859317 -0.582298009 -0.011456446 -0.007583522
1597195508.784850597 4.761308937 -0.594997683 -0.792049076 0.812815053 -0.582417934 -0.008770558 -0.006642091
1597195508.884911299 4.828241629 -0.745050387 -0.784513570 0.812876190 -0.582350092 -0.007995367 -0.006061720
1597195508.984821796 4.895700735 -0.898114609 -0.776586197 0.812999490 -0.582191593 -0.007164389 -0.005783606
1597195509.084882498 4.960466703 -1.049729447 -0.768535249 0.813268665 -0.581827360 -0.006401054 -0.005479828
1597195509.184943199 5.032635929 -1.211735046 -0.759387376 0.813557277 -0.581428537 -0.005946308 -0.005482308
1597195509.284853935 5.103114969 -1.366646836 -0.750342508 0.813646773 -0.581309445 -0.005557874 -0.005231484
1597195509.484825134 5.235446187 -1.665279468 -0.738006211 0.813649450 -0.581317805 -0.004675541 -0.004724553
1597195509.584885836 5.304787973 -1.821145296 -0.731768095 0.813769537 -0.581154020 -0.004087378 -0.004736936
1597195509.684946537 5.371576161 -1.973763310 -0.727115048 0.813798757 -0.581116569 -0.003760226 -0.004580100
1597195509.784857273 5.439003784 -2.124553816 -0.721045144 0.813850174 -0.581047814 -0.003562260 -0.004317534
1597195509.884917974 5.510055835 -2.282401311 -0.714585908 0.813875155 -0.581015002 -0.003340067 -0.004200545
1597195510.084889174 5.649535774 -2.598537651 -0.700989024 0.814008672 -0.580831088 -0.002975945 -0.004034012
1597195510.284860611 5.788724899 -2.917770825 -0.687401102 0.814039435 -0.580789871 -0.002967903 -0.003757105
1597195510.484831810 5.932769570 -3.241879464 -0.672894308 0.814112417 -0.580690252 -0.002702961 -0.003535357
1597195510.684803247 6.078132280 -3.571449327 -0.657041670 0.814319808 -0.580399437 -0.003051899 -0.003229716
1597195510.884774446 6.222531007 -3.898000433 -0.645456251 0.814453472 -0.580211838 -0.003044042 -0.003240078
1597195510.984535217 6.297139038 -4.065520998 -0.640140865 0.814389836 -0.580300876 -0.003218417 -0.003119472
1597195511.084595919 6.373181186 -4.237141433 -0.634914832 0.814330073 -0.580383180 -0.003486417 -0.003121100
1597195511.184506416 6.450615733 -4.414229979 -0.630910066 0.814378547 -0.580313896 -0.003725149 -0.003080215
1597195511.284567118 6.529224929 -4.593491082 -0.626830853 0.814409649 -0.580270971 -0.003749689 -0.002909343
1597195511.384627819 6.604249167 -4.762872062 -0.622092798 0.814504754 -0.580138287 -0.003693326 -0.002816457
1597195511.484538555 6.677729747 -4.928677226 -0.616447725 0.814731959 -0.579820040 -0.003622580 -0.002726342
1597195511.584599257 6.747221179 -5.084043828 -0.611533790 0.814987306 -0.579461940 -0.003543076 -0.002645116
1597195511.684509754 6.820463489 -5.245248772 -0.606260541 0.815118693 -0.579279613 -0.003330140 -0.002357053
1597195511.784570456 6.892848875 -5.405157812 -0.601661195 0.815291920 -0.579036822 -0.003203147 -0.002276658
1597195511.884481192 6.964059686 -5.564753436 -0.595949286 0.815411363 -0.578869678 -0.003137535 -0.002088147
1597195511.984541893 7.035112579 -5.722760059 -0.590874613 0.815544962 -0.578682809 -0.003026692 -0.001860181
1597195512.084602594 7.111854047 -5.892493778 -0.583952236 0.815656863 -0.578524225 -0.003167277 -0.001890077
1597195512.184513092 7.185311710 -6.057534330 -0.577530298 0.815792354 -0.578333353 -0.003166424 -0.001828043
1597195512.284573793 7.262580587 -6.228536875 -0.571431176 0.816014179 -0.578019226 -0.003226187 -0.002055589
1597195512.384484529 7.337656510 -6.395540523 -0.565337895 0.816072002 -0.577935883 -0.003384320 -0.002269012
1597195512.484545231 7.414138854 -6.568007721 -0.560112123 0.816268177 -0.577657271 -0.003571840 -0.002362702
1597195512.584455729 7.482974277 -6.725868440 -0.553788542 0.816377809 -0.577502164 -0.003647158 -0.002284996
1597195512.684516430 7.555480222 -6.889546311 -0.547535430 0.816406804 -0.577460279 -0.003770527 -0.002310615
1597195512.784427166 7.633317899 -7.059888748 -0.540901833 0.816345451 -0.577547826 -0.003859070 -0.001928808
1597195512.884487867 7.714214294 -7.235860316 -0.534593193 0.816456649 -0.577389067 -0.004119317 -0.001853776
1597195512.984548569 7.790711404 -7.403621740 -0.532519545 0.816469600 -0.577374218 -0.003735474 -0.001565304
1597195513.084459066 7.863186457 -7.562561944 -0.531973280 0.816355458 -0.577314313 0.013998111 0.008717994
1597195513.184519768 7.932288770 -7.717640756 -0.524452324 0.815281806 -0.576596703 0.045719789 0.027595660
1597195513.284430504 7.995210564 -7.866576184 -0.508738229 0.814608074 -0.576085243 0.057628223 0.034906523
1597195513.384491205 8.054485869 -8.004309557 -0.491007477 0.814717091 -0.576410196 0.054242035 0.032328764
1597195513.484401703 8.110895866 -8.133941113 -0.484585819 0.816376401 -0.577257123 0.016534780 0.005512385
1597195513.584462404 8.162843978 -8.255323747 -0.494035229 0.816649709 -0.577086290 -0.001143063 -0.007304807
1597195513.684523106 8.219144975 -8.383702928 -0.510286937 0.816669556 -0.576889681 -0.008801345 -0.013102225
1597195513.784433842 8.271723740 -8.511759893 -0.529715115 0.816755843 -0.576670328 -0.011575263 -0.015074477
1597195513.984405041 8.382813593 -8.789415341 -0.566252514 0.816969863 -0.576376963 -0.011533479 -0.014724739
1597195514.184376478 8.497737770 -9.085347876 -0.595721757 0.817232088 -0.576086722 -0.009808395 -0.012633230
1597195514.384347677 8.601930719 -9.380068963 -0.622921437 0.817287429 -0.576084437 -0.007955515 -0.010231761
1597195514.584319115 8.714613153 -9.686094607 -0.645123157 0.816910282 -0.576659152 -0.006851519 -0.008652768
1597195514.784290314 8.821666816 -10.001591820 -0.660508571 0.816687553 -0.576996485 -0.006197214 -0.007621735
1597195514.984261751 8.938608681 -10.334299126 -0.681403642 0.816472458 -0.577314007 -0.005999924 -0.006727813
1597195515.184233189 9.046753650 -10.659736346 -0.699708268 0.816069545 -0.577894420 -0.005570420 -0.006124305
1597195515.384354353 9.156141174 -10.997953330 -0.721004655 0.815898615 -0.578146028 -0.005681178 -0.004933996
1597195515.584325790 9.265394088 -11.343739404 -0.739954618 0.815810423 -0.578274801 -0.005768434 -0.004281790
1597195515.684236526 9.317633140 -11.510780213 -0.747908083 0.815620959 -0.578546671 -0.005819303 -0.003512360
1597195515.884207726 9.426424264 -11.849885273 -0.765723259 0.815321875 -0.578971145 -0.005703232 -0.003182314
1597195516.084329128 9.532612284 -12.188829294 -0.779994100 0.815221594 -0.579112223 -0.005930089 -0.002760426
1597195516.284300327 9.639818517 -12.539649232 -0.803369308 0.815418778 -0.578838457 -0.005707746 -0.002383125
1597195516.484271765 9.748236827 -12.898467823 -0.833952215 0.815670389 -0.578487440 -0.005273880 -0.002506816
1597195516.584182501 9.807015153 -13.081376387 -0.846361647 0.815772411 -0.578344919 -0.005186483 -0.002372556
1597195516.784303665 9.931492269 -13.457262804 -0.871653799 0.816007533 -0.578012831 -0.005099729 -0.002620284
1597195516.884214401 9.986631470 -13.614394285 -0.877670689 0.815898239 -0.578170013 -0.005021510 -0.002069877
1597195516.984275103 10.048779179 -13.790525520 -0.887076054 0.815870348 -0.578210599 -0.005008493 -0.001730185
1597195517.183796406 10.167084976 -14.135691516 -0.905406085 0.815971656 -0.578070226 -0.004642961 -0.001874525
1597195517.283857107 10.233014070 -14.322553186 -0.915123725 0.815998946 -0.578029713 -0.004780696 -0.002125303
1597195517.383917570 10.295245795 -14.499387990 -0.925266598 0.816213688 -0.577725050 -0.004630244 -0.002746403
1597195517.483828306 10.366125204 -14.697696785 -0.940874371 0.816402033 -0.577456793 -0.004541094 -0.003278832
1597195517.583889008 10.432501461 -14.882375274 -0.954373816 0.816498284 -0.577319823 -0.004541120 -0.003428302
1597195517.683799744 10.494357053 -15.059070833 -0.966764038 0.816672995 -0.577071166 -0.004455349 -0.003773344
1597195517.783860445 10.557957743 -15.232541433 -0.976949475 0.816579141 -0.577205101 -0.004307737 -0.003771143
1597195517.883770943 10.622960863 -15.411884470 -0.988110013 0.816544037 -0.577255294 -0.004217153 -0.003791705
1597195517.983831644 10.686928296 -15.587327218 -0.997951124 0.816474893 -0.577352828 -0.004111363 -0.003944305
1597195518.083892345 10.751969943 -15.770628754 -1.009319626 0.816542197 -0.577256786 -0.004004243 -0.004172329
1597195518.183803082 10.821639859 -15.960213183 -1.021863291 0.816514424 -0.577294917 -0.003942901 -0.004385037
1597195518.283863783 10.890498683 -16.150320171 -1.034864252 0.816566721 -0.577220455 -0.003828685 -0.004547353
1597195518.383774281 10.958925777 -16.338121807 -1.050033409 0.816570377 -0.577217463 -0.003605170 -0.004452226
1597195518.483834982 11.025385354 -16.522912749 -1.063395512 0.816620408 -0.577147161 -0.003501625 -0.004472375
1597195518.583745718 11.091766394 -16.711241679 -1.076656449 0.816701448 -0.577032471 -0.003486625 -0.004485026
1597195518.683506250 11.156284245 -16.892515464 -1.089558504 0.816614176 -0.577157571 -0.003470268 -0.004287503
1597195518.783566952 11.220155437 -17.071995822 -1.101349298 0.816561276 -0.577234558 -0.003340786 -0.004097147
1597195518.883477688 11.283209302 -17.248306073 -1.111764235 0.816342021 -0.577547947 -0.003146490 -0.003764583
1597195518.983538389 11.343329419 -17.417952908 -1.120331567 0.816107678 -0.577881740 -0.002824043 -0.003602285
1597195519.083448887 11.402227756 -17.586063079 -1.122479605 0.815218350 -0.577889272 0.031327982 0.021945115
1597195519.183509588 11.462369982 -17.752925938 -1.115165195 0.813879132 -0.577630328 0.050988140 0.036662955
1597195519.383481026 11.567602256 -18.041796141 -1.088613963 0.817517409 -0.571221947 0.058789958 0.043755151
1597195519.483541727 11.606218385 -18.155819249 -1.080268032 0.838711758 -0.539831868 0.055684753 0.045203424
1597195519.583452225 11.640174826 -18.248617279 -1.065828494 0.872188382 -0.484574969 0.047917726 0.046673529
1597195519.683512926 11.673994310 -18.340592915 -1.052881861 0.910221806 -0.409476511 0.037843301 0.048919676
1597195519.783423662 11.699857882 -18.409657613 -1.043983076 0.945866636 -0.319065262 0.026974258 0.052972203
1597195519.883484364 11.724882687 -18.472284029 -1.040106757 0.974349203 -0.216710367 0.016904179 0.058262307
1597195519.983394861 11.751943477 -18.533232822 -1.039534033 0.992292677 -0.105733284 0.009229597 0.063957249
1597195520.083455563 11.779269079 -18.582279140 -1.039527485 0.997551866 0.010784899 0.004794513 0.068927302
1597195520.183366299 11.803597092 -18.608871491 -1.041617870 0.988968769 0.129638965 0.004123613 0.071536760
1597195520.283427000 11.823797433 -18.618254676 -1.044787162 0.965892930 0.248960754 0.006701016 0.070883617
1597195520.383487701 11.835660315 -18.609701730 -1.050301798 0.928141011 0.366250744 0.011267749 0.065480492
1597195520.483398199 11.849353896 -18.608940549 -1.051407660 0.875878806 0.479080949 0.015536087 0.055465230
1597195520.583458900 11.852100538 -18.594416926 -1.054909340 0.809881375 0.584810433 0.018440027 0.041819635
1597195520.683369637 11.837888592 -18.569584215 -1.059757938 0.731409821 0.681145861 0.019026948 0.026794867
1597195520.783430338 11.816331247 -18.552892903 -1.055332440 0.643991810 0.764765825 0.016395288 0.011788780
1597195520.883340836 11.798557198 -18.524123730 -1.067922285 0.568222435 0.822790639 0.011748590 -0.000893590
1597195520.983401537 11.777544079 -18.493571394 -1.071366539 0.512672996 0.858508658 0.005776584 -0.009793585
1597195521.083462238 11.765526242 -18.475084207 -1.074057153 0.478048039 0.878199596 0.000094404 -0.015347106
1597195521.283433676 11.740028938 -18.443169477 -1.081545279 0.488829629 0.872178109 -0.004771278 -0.018115567
1597195521.383344173 11.734480433 -18.426945950 -1.077089283 0.518789280 0.854720797 -0.004752078 -0.016954650
1597195521.483404875 11.729134678 -18.413740363 -1.074271079 0.544005358 0.838947232 -0.002963458 -0.014728528
1597195521.583315611 11.714809423 -18.390648031 -1.075752126 0.560970614 0.827745091 -0.000811050 -0.012221975
1597195521.683376312 11.708956305 -18.374608746 -1.074834127 0.572206011 0.820049122 0.000948341 -0.009940782
1597195521.783286810 11.705269048 -18.361134768 -1.073312687 0.579759179 0.814746404 0.002239026 -0.007910666
1597195521.983408213 11.702197285 -18.335832940 -1.072387086 0.587898523 0.808912621 0.003188813 -0.005052582
1597195522.483261585 11.698062234 -18.303882559 -1.075283204 0.594018570 0.804445060 0.002315103 -0.002173431
1597195522.583322287 11.697085355 -18.297416615 -1.080242539 0.591190493 0.800266200 -0.079395627 0.061352620
1597195522.683382988 11.695131158 -18.271098974 -1.092367677 0.585423591 0.792228750 -0.132913197 0.109484743
1597195522.783293486 11.691334140 -18.214630508 -1.115593175 0.583346644 0.788922291 -0.148182574 0.123896069
1597195522.883354187 11.685842183 -18.125550143 -1.150874616 0.583649972 0.788912732 -0.147267867 0.123618715
1597195522.983264923 11.677596207 -18.000111177 -1.195575368 0.585108700 0.790116049 -0.139987645 0.117336687
1597195523.083325624 11.667179226 -17.839425922 -1.245696133 0.586725689 0.791793602 -0.130322376 0.108774705
1597195523.183236122 11.654523216 -17.645044448 -1.296770585 0.588403468 0.793352482 -0.120176001 0.099654036
1597195523.283146858 11.640895053 -17.419526854 -1.344948910 0.589792041 0.794903609 -0.109931722 0.090490978
1597195523.383207560 11.624652760 -17.163754108 -1.388686892 0.591092713 0.796220586 -0.099812540 0.081729061
1597195523.483118296 11.605824114 -16.881055651 -1.425482276 0.592257166 0.797294480 -0.090009114 0.073833060
1597195523.583178759 11.586133188 -16.573083586 -1.454898258 0.593123634 0.798325201 -0.080601870 0.066216063
1597195523.683239460 11.565307712 -16.243462318 -1.477218749 0.593959466 0.799130686 -0.071728555 0.058798924
1597195523.783150196 11.542776386 -15.894589490 -1.492200172 0.594909357 0.799668596 -0.062907332 0.051533105
1597195523.883060932 11.520719277 -15.529100709 -1.499537460 0.595762535 0.800200531 -0.053510514 0.043390504
1597195523.983121634 11.499167725 -15.148326047 -1.499474135 0.596431673 0.800990446 -0.040716573 0.032026945
1597195524.083032131 11.478161005 -14.759791503 -1.484864946 0.597088476 0.801567301 0.024571989 -0.019272525
1597195524.183092833 11.457617272 -14.380398278 -1.427095190 0.596857611 0.798616511 0.066667934 -0.039090253
1597195524.283153534 11.435206931 -14.019482019 -1.350616042 0.600826280 0.798007441 0.034297953 0.031867783
1597195524.383064270 11.407128747 -13.662277318 -1.305036300 0.601314868 0.795916661 0.019223085 0.067583816
1597195524.483124971 11.365792745 -13.303611385 -1.287390325 0.601174394 0.794692012 0.013708527 0.082861517
1597195524.583035469 11.315286569 -12.938150833 -1.284296894 0.601095272 0.794355759 0.012756450 0.086721829
1597195524.683096170 11.251274010 -12.565667976 -1.282829869 0.601039993 0.794580229 0.013611100 0.084899496
1597195524.883067608 11.074350556 -11.801766179 -1.270065594 0.601369381 0.795336884 0.015888126 0.074442428
1597195524.983128071 10.961695864 -11.413428395 -1.253072783 0.601881362 0.795502007 0.016465769 0.068148811
1597195525.083038807 10.836563743 -11.016512191 -1.230561735 0.602476997 0.795572241 0.016185736 0.061840917
1597195525.183099508 10.701271956 -10.610602062 -1.201144312 0.602531078 0.795858369 0.017180967 0.057188898
1597195525.283010244 10.551357729 -10.205461173 -1.175109577 0.602917726 0.795765781 0.019791088 0.053435481
1597195525.383070946 10.389823927 -9.796286340 -1.152037704 0.603122826 0.795688995 0.024087523 0.050414991
1597195525.482981443 10.223241229 -9.381538025 -1.126023738 0.602903391 0.795799170 0.029733732 0.048239894
1597195525.583042145 10.043306906 -8.965171485 -1.099560069 0.602436479 0.795876807 0.038301201 0.046727020
1597195525.683102846 9.851828483 -8.553369759 -1.074510529 0.601405826 0.795913412 0.052992001 0.044996894
1597195525.783013582 9.649658191 -8.149834841 -1.045874209 0.598918004 0.795511649 0.083242455 0.039104146
1597195525.883074284 9.427498299 -7.753124179 -1.006081177 0.589047443 0.800194461 0.097479357 -0.056654304
1597195525.982984781 9.201903116 -7.385996764 -0.941086440 0.588457279 0.806998002 0.030493252 -0.039273621
1597195526.083045483 8.979516138 -7.028587502 -0.900932803 0.587911238 0.808625081 -0.019673175 -0.009940924
1597195526.182956219 8.763226608 -6.673590067 -0.902078633 0.587000057 0.808305672 -0.045415500 0.003210171
1597195526.282866716 8.549147649 -6.315055553 -0.926470487 0.586417606 0.807916766 -0.057658012 0.007774617
1597195526.382777452 8.341699456 -5.955369245 -0.960941297 0.586355069 0.807552612 -0.063165518 0.007525237
1597195526.482838154 8.136462717 -5.577714445 -0.993733774 0.586484858 0.807229019 -0.066323920 0.004237984
1597195526.582748890 7.937626754 -5.184680642 -1.022250090 0.586651074 0.806882331 -0.069139269 -0.001087621
1597195526.682809353 7.749355141 -4.784095120 -1.043602743 0.586810136 0.806393113 -0.072857481 -0.008706282
1597195526.782870054 7.568530104 -4.369324157 -1.059395050 0.587170324 0.805381157 -0.078636581 -0.020211147
1597195526.882780790 7.407946993 -3.955341021 -1.071870738 0.587257429 0.803546237 -0.088199380 -0.040780224
1597195526.982841492 7.264832776 -3.529140071 -1.072413650 0.587763423 0.798447236 -0.098732489 -0.085252949
1597195527.082752228 7.146645412 -3.103097964 -1.051618657 0.599658760 0.789662832 0.018225074 -0.128490583
1597195527.182812691 7.068256615 -2.720776614 -0.976560934 0.602820487 0.779184665 0.081925100 -0.150887361
1597195527.282873392 7.006756109 -2.381334358 -0.861843214 0.604571939 0.773663785 0.108570544 -0.155401272
1597195527.382784128 6.952988881 -2.064276714 -0.754547144 0.606561243 0.772095389 0.115380296 -0.150464466
1597195527.482844830 6.905276845 -1.777801408 -0.669987504 0.608893750 0.772611126 0.111879506 -0.140724645
1597195527.582755566 6.864138895 -1.518444205 -0.615330780 0.611108935 0.774089231 0.103522708 -0.128898337
1597195527.682816029 6.830161344 -1.285002346 -0.586035082 0.613036053 0.775854937 0.092987270 -0.116573076
1597195527.782726765 6.804649604 -1.076461711 -0.580851721 0.614425029 0.777650105 0.082246639 -0.104774463
1597195527.882787466 6.783450801 -0.892610680 -0.593296633 0.615453686 0.779254014 0.072063995 -0.093737517
1597195527.982848167 6.766674755 -0.725940653 -0.615925746 0.616470593 0.780400163 0.063053509 -0.083449674
1597195528.082758665 6.756528898 -0.585160386 -0.646358263 0.617094651 0.781420558 0.054967527 -0.074529691
