1597195474.289121389 -0.000006760 0.000495628 0.000000261 0.986547630 0.163400421 0.001551585 -0.004654909
1597195474.389182091 0.000026215 0.000207107 -0.000007933 0.985669722 0.168640594 0.001545016 -0.003627902
1597195474.489092827 0.000020399 0.000206428 -0.000003716 0.985401608 0.170195840 0.001138018 -0.003968750
1597195474.589003325 0.000023366 0.000206205 -0.000002362 0.985207799 0.171310964 0.000679187 -0.004205334
1597195474.689064026 0.000020859 0.000190062 -0.000003637 0.985055751 0.172183488 0.000775249 -0.004172815
1597195474.789124727 -0.000009220 0.000360636 -0.001981664 0.984671113 0.173897821 -0.011263186 0.007449044
1597195474.889035463 0.001018683 0.001910605 -0.037499767 0.983294599 0.174407248 -0.041217351 0.031858648
1597195474.988945961 0.006703266 0.009769952 -0.104417531 0.982366228 0.174704746 -0.052002114 0.041600801
1597195475.089006662 0.020365017 0.027958257 -0.175202615 0.982103743 0.174899215 -0.054418019 0.043831295
1597195475.188917398 0.043189184 0.057820434 -0.243993370 0.982205930 0.174980002 -0.052876236 0.043100039
1597195475.288978100 0.075108120 0.098911687 -0.310161435 0.982423428 0.175121012 -0.049838455 0.041145697
1597195475.389038801 0.114674938 0.150891698 -0.374263493 0.982680974 0.175291145 -0.046586156 0.037958504
1597195475.488949299 0.161535265 0.212996847 -0.436182425 0.982939104 0.175415333 -0.043226150 0.034520696
1597195475.589010000 0.214565495 0.284889194 -0.496699779 0.983186077 0.175512252 -0.039853233 0.030859462
1597195475.688920736 0.274432686 0.366194826 -0.555295994 0.983419543 0.175587933 -0.036272893 0.027187465
1597195475.788981438 0.340864563 0.452837483 -0.612592060 0.983605307 0.175673140 -0.033076474 0.023780124
1597195475.888891935 0.412351488 0.548777512 -0.669292696 0.983738536 0.175798638 -0.030070477 0.021191949
1597195475.988952637 0.489622566 0.647087927 -0.725245428 0.983836783 0.175942899 -0.027655378 0.018559660
1597195476.089013338 0.571700602 0.754062287 -0.780817144 0.983933751 0.175944217 -0.025357710 0.016582898
1597195476.188924074 0.658150690 0.866943127 -0.835518407 0.983988568 0.176059595 -0.023509821 0.014724341
1597195476.288984776 0.750050465 0.984819219 -0.891081715 0.984037199 0.176120087 -0.022052356 0.012891830
1597195476.389045477 0.846981255 1.111319111 -0.947241202 0.984100003 0.176096387 -0.020210298 0.011348636
1597195476.488955975 0.945352581 1.240792370 -1.002224509 0.984161887 0.176042879 -0.018481233 0.009629575
1597195476.589016676 1.038967542 1.366062625 -1.053571345 0.984220650 0.175900673 -0.017482921 0.007938104
1597195476.688927412 1.136167912 1.498373068 -1.106947827 0.984298318 0.175691453 -0.015687799 0.006574691
1597195476.788988113 1.233184659 1.628417080 -1.161112145 0.984342942 0.175584001 -0.014408250 0.005624312
1597195476.888898611 1.337688166 1.768949389 -1.217236939 0.984437833 0.175192328 -0.013017014 0.004512023
1597195476.988959312 1.444761083 1.912201969 -1.271873264 0.984528012 0.174783274 -0.011907685 0.003688999
1597195477.088870049 1.550471600 2.051937436 -1.319162962 0.984572905 0.174611813 -0.010979996 0.002519723
1597195477.188930750 1.656261903 2.192310687 -1.358798772 0.984618299 0.174423567 -0.010068123 0.001362814
1597195477.288991451 1.764781105 2.333628351 -1.391224626 0.984666851 0.174201034 -0.009221947 0.000385298
1597195477.388452053 1.874327198 2.478459844 -1.417149146 0.984711539 0.173985155 -0.008498860 -0.000347950
1597195477.488512516 1.985728574 2.624605870 -1.439308133 0.984395861 0.173638419 0.016589970 -0.023221995
1597195477.588573217 2.094871895 2.767457649 -1.448356069 0.982839950 0.173213933 0.043257106 -0.046383059
1597195477.688483953 2.197363810 2.901647726 -1.444115152 0.981884906 0.173145596 0.053633887 -0.055190944
1597195477.788544655 2.289996534 3.021964626 -1.434875763 0.980112585 0.174515026 0.052604263 -0.078464121
1597195477.888455391 2.376934092 3.127896772 -1.418861382 0.976144323 0.176508608 0.048280847 -0.116858599
1597195477.988515854 2.459682970 3.214105587 -1.403568970 0.974554488 0.177269925 0.046849081 -0.128934427
1597195478.088426590 2.519415314 3.249381827 -1.391827527 0.974602748 0.177543070 0.045360484 -0.128725944
1597195478.188487291 2.577800109 3.265061880 -1.391303882 0.975509724 0.177511082 0.043609461 -0.122347088
1597195478.288547993 2.634642520 3.263417485 -1.398228315 0.976673058 0.177423450 0.041926025 -0.113458651
1597195478.388458729 2.685631527 3.241199580 -1.408783618 0.977858286 0.177380518 0.040023258 -0.103573466
1597195478.488519192 2.735015916 3.203455791 -1.423114283 0.978953489 0.177343884 0.037915751 -0.093603466
1597195478.588429928 2.780876879 3.145632743 -1.441360663 0.979872402 0.177410893 0.035899691 -0.084182316
1597195478.688490629 2.821870907 3.072756119 -1.458799899 0.980669192 0.177460308 0.033620229 -0.075269220
1597195478.788551331 2.855955759 2.984511907 -1.473475887 0.981329139 0.177454929 0.030796943 -0.067486419
1597195478.888461828 2.889227815 2.883157889 -1.488745172 0.981860203 0.177540143 0.027671117 -0.060533869
1597195478.988522530 2.916695219 2.768960468 -1.502756777 0.982302369 0.177622377 0.024268886 -0.054252821
1597195479.088433266 2.939877399 2.644431927 -1.514927888 0.982650956 0.177781528 0.020752153 -0.048581637
1597195479.188493967 2.960206613 2.514324180 -1.525696029 0.982980675 0.177615910 0.017402140 -0.043574602
1597195479.288404703 2.978535165 2.374369386 -1.535082549 0.983224638 0.177584115 0.014126706 -0.039161582
1597195479.388465166 2.995533042 2.226089272 -1.543645180 0.983410580 0.177580006 0.010955222 -0.035340575
1597195479.488525867 3.009298555 2.070654542 -1.550899039 0.983533301 0.177715295 0.008027336 -0.031860340
1597195479.588436604 3.021120559 1.910464650 -1.557348880 0.983596180 0.177970410 0.005140673 -0.028959655
1597195479.688347340 3.033539325 1.744872579 -1.563315124 0.983660951 0.178048204 0.002427212 -0.026534479
1597195479.788408041 3.044802199 1.574151793 -1.568120655 0.983703607 0.178125406 -0.000194801 -0.024464579
1597195479.888468504 3.056065570 1.399594136 -1.571954402 0.983735287 0.178189363 -0.002865929 -0.022477140
1597195479.988379240 3.068114174 1.221930764 -1.575865898 0.983744960 0.178264819 -0.005475774 -0.020917064
1597195480.088439941 3.079780757 1.040892575 -1.579676432 0.983724903 0.178439903 -0.007852784 -0.019566574
1597195480.188350677 3.092237935 0.859482444 -1.583098550 0.983698506 0.178607309 -0.010162122 -0.018259529
1597195480.288411140 3.106506349 0.675827278 -1.587004317 0.983673537 0.178721979 -0.012313728 -0.017123067
1597195480.388321877 3.121932336 0.491257334 -1.590398297 0.983652252 0.178787655 -0.014356301 -0.016034880
1597195480.488382578 3.140531011 0.305928157 -1.593837661 0.983631622 0.178817176 -0.016411233 -0.014964005
1597195480.588293314 3.161384115 0.118797503 -1.597084414 0.983601182 0.178886249 -0.018195202 -0.014048486
1597195480.688354015 3.185244183 -0.070627482 -1.599825142 0.983565754 0.178997811 -0.019712667 -0.013023131
1597195480.788264513 3.212983631 -0.257918628 -1.602402187 0.983542643 0.179001067 -0.021523183 -0.011799967
1597195480.888325214 3.245116764 -0.445972680 -1.604755922 0.983471299 0.179130716 -0.024228438 -0.010458201
1597195480.988235950 3.280155463 -0.635946949 -1.606291363 0.983157920 0.179967883 -0.019024272 0.025497892
1597195481.088296652 3.316669877 -0.819268948 -1.596124466 0.981656490 0.180584773 -0.011306172 0.060098643
1597195481.188357353 3.351343893 -0.990814377 -1.576532956 0.980726101 0.180905638 -0.007138811 0.073474498
1597195481.288267851 3.381724960 -1.139886537 -1.547766688 0.978754932 0.182900631 0.022198209 0.089963227
1597195481.388178587 3.400447065 -1.260553853 -1.485511486 0.975785348 0.184687825 0.052752807 0.104644656
1597195481.488239288 3.403668582 -1.361535355 -1.418612966 0.974669263 0.185185032 0.062932362 0.108470496
1597195481.588299990 3.391402732 -1.442690883 -1.360184068 0.974902093 0.185189723 0.063238269 0.106167779
1597195481.688210487 3.364724747 -1.508059126 -1.313130241 0.975761704 0.185116422 0.058767866 0.100833251
1597195481.788271189 3.323687805 -1.556723928 -1.275715157 0.976797913 0.184906189 0.052489685 0.094447722
1597195481.888181925 3.269455995 -1.591787133 -1.247510745 0.977855831 0.184733533 0.045716110 0.087071994
1597195481.988242626 3.203878337 -1.611670130 -1.224565911 0.978769542 0.184688729 0.039144535 0.079799507
1597195482.088303328 3.126154108 -1.618543422 -1.204981417 0.979591999 0.184590983 0.033366113 0.072196867
1597195482.188213825 3.040253016 -1.610261752 -1.187455933 0.980263235 0.184535724 0.028392995 0.064995340
1597195482.288274527 2.944440091 -1.592058769 -1.168749607 0.980794886 0.184579561 0.024147889 0.058212169
1597195482.388185263 2.842115635 -1.562528738 -1.149984545 0.981253482 0.184568124 0.020506434 0.051533463
1597195482.488245964 2.732370966 -1.524242789 -1.129707978 0.981604007 0.184635164 0.017490412 0.045359847
1597195482.588156462 2.617950973 -1.475657755 -1.107847494 0.981860301 0.184758868 0.015053597 0.039848457
1597195482.688217163 2.496309940 -1.419988962 -1.084819721 0.982102747 0.184653383 0.013188595 0.034689811
1597195482.788127899 2.370514807 -1.356999418 -1.059977708 0.982283354 0.184595827 0.011803622 0.030074374
1597195482.888188601 2.241035626 -1.288838099 -1.033077368 0.982384392 0.184761801 0.010760931 0.025849289
1597195482.988249302 2.105527312 -1.217347191 -1.003238832 0.982459167 0.184893653 0.010035170 0.022082079
1597195483.088159800 1.968415400 -1.140778002 -0.972451006 0.982507159 0.185065368 0.009377708 0.018508137
1597195483.188220501 1.830013537 -1.058387807 -0.940655723 0.982581357 0.185007382 0.008670962 0.015197353
1597195483.288131237 1.688624706 -0.973127284 -0.908335695 0.982620663 0.185038461 0.008354599 0.012149090
1597195483.388191938 1.545701641 -0.884340755 -0.875811104 0.982658058 0.185011533 0.008166086 0.009337507
1597195483.488102436 1.400118098 -0.794638946 -0.842267397 0.982698820 0.184909647 0.008183954 0.006668960
1597195483.588013172 1.251781267 -0.703418543 -0.808452574 0.982740303 0.184761302 0.008075202 0.004421403
1597195483.688073874 1.101639088 -0.610010708 -0.778085532 0.982780986 0.184593989 0.007588403 0.003001385
1597195483.788134575 0.950030378 -0.516409910 -0.752395579 0.982792737 0.184568138 0.007034344 0.001885970
1597195483.888045073 0.796274786 -0.422685445 -0.729536226 0.982821526 0.184444456 0.006434209 0.000831412
1597195483.988105774 0.641058073 -0.327583218 -0.710188623 0.982840710 0.184365420 0.005790331 -0.000057135
1597195484.088016510 0.485810998 -0.231633389 -0.692735587 0.982870755 0.184217663 0.005242881 -0.001201427
1597195484.188077211 0.330142438 -0.135837756 -0.676622616 0.982335625 0.184035926 -0.023314729 -0.024574791
1597195484.288137913 0.179927348 -0.044151395 -0.651575909 0.980810826 0.183525854 -0.048932160 -0.043977588
1597195484.388048410 0.041875183 0.040073287 -0.620568017 0.980058527 0.183135091 -0.058143832 -0.050656862
1597195484.488109112 -0.084064242 0.117533958 -0.591145650 0.979979815 0.182943371 -0.059602058 -0.051174997
1597195484.588019848 -0.199849382 0.188017221 -0.568632217 0.979564577 0.182714183 -0.064007864 -0.054513853
1597195484.688080549 -0.305565865 0.250181372 -0.551165105 0.979240181 0.182556258 -0.067362258 -0.056782093
1597195484.787991047 -0.398852304 0.305098651 -0.537742697 0.979085533 0.182341286 -0.069280856 -0.057821604
1597195484.888051748 -0.477801531 0.352839132 -0.529859221 0.979086472 0.182187835 -0.069694043 -0.057792843
1597195484.987962484 -0.537518564 0.390036759 -0.521773440 0.978249864 0.183216491 -0.083155196 -0.050439405
1597195485.088023186 -0.580613466 0.421489504 -0.504921413 0.976714063 0.184772962 -0.101879221 -0.038848623
1597195485.187933922 -0.605338071 0.448680553 -0.489652820 0.976508062 0.185428533 -0.104645135 -0.033130943
1597195485.287994385 -0.610665274 0.473526965 -0.480946753 0.977035725 0.185712324 -0.100109465 -0.029836550
1597195485.388055086 -0.599588827 0.498586788 -0.476172484 0.977779102 0.185792004 -0.093021785 -0.027862275
1597195485.487965822 -0.570784039 0.521562007 -0.475806372 0.978536383 0.185855594 -0.084989527 -0.026476890
1597195485.588026524 -0.523639773 0.542255045 -0.479792635 0.979228021 0.185897166 -0.076837500 -0.025509302
1597195485.687937260 -0.459547885 0.561791381 -0.485265365 0.979834841 0.185862771 -0.069165289 -0.024390106
1597195485.787997723 -0.381669042 0.579165192 -0.489692069 0.980322606 0.185850981 -0.062378637 -0.023149669
1597195485.887908459 -0.289434824 0.593469333 -0.493970180 0.980718852 0.185957798 -0.056055873 -0.021632593
1597195485.987969160 -0.186861433 0.606753988 -0.496294729 0.981046685 0.186025727 -0.050400997 -0.020039233
1597195486.088029861 -0.074171664 0.618153430 -0.496735297 0.981312561 0.186109782 -0.045275752 -0.018409581
1597195486.187940359 0.048450333 0.628522956 -0.495451104 0.981536523 0.186127140 -0.040763197 -0.016766128
1597195486.288001060 0.179678990 0.636167573 -0.494587769 0.981733223 0.186115550 -0.036438510 -0.015268129
1597195486.387911797 0.317686911 0.642840244 -0.492130711 0.981887053 0.186125595 -0.032732819 -0.013551399
1597195486.487972498 0.462123144 0.648581329 -0.487326890 0.982002922 0.186167396 -0.029485322 -0.011940562
1597195486.587433100 0.611065509 0.653445394 -0.480510548 0.982139312 0.185976078 -0.026612030 -0.010347467
1597195486.687493801 0.767130699 0.658299980 -0.473357729 0.982217130 0.185974673 -0.024068631 -0.009145070
1597195486.787554502 0.926837775 0.661186544 -0.466578301 0.982317947 0.185761001 -0.021750741 -0.008438366
1597195486.887465000 1.091305735 0.664405741 -0.461015162 0.982384273 0.185670090 -0.019618398 -0.007929445
1597195486.987525702 1.257929663 0.666269829 -0.453124026 0.982471127 0.185407183 -0.017712244 -0.007806258
1597195487.087436438 1.428820704 0.668277597 -0.448167534 0.982518823 0.185322762 -0.015802147 -0.007907466
1597195487.187497139 1.601084817 0.669708432 -0.440957453 0.982459039 0.184913276 0.024101937 0.000643476
1597195487.287407637 1.769057560 0.671185958 -0.424449630 0.981319232 0.184458768 0.054235181 0.006787745
1597195487.387468338 1.924545568 0.674328853 -0.399968240 0.980770138 0.183955413 0.064571415 0.008993043
1597195487.487379074 2.067934445 0.676376301 -0.379334297 0.982191810 0.183544960 0.037952184 0.013043296
1597195487.587439775 2.203644917 0.680382285 -0.374321340 0.982962036 0.182809384 -0.001096426 0.019109237
1597195487.687500477 2.337740775 0.689134416 -0.380876192 0.982810711 0.182349955 -0.018456178 0.022157835
1597195487.787410975 2.475150823 0.701478033 -0.395003217 0.982700826 0.181989590 -0.025018061 0.023515363
1597195487.887471676 2.615555035 0.717826512 -0.414557805 0.982695963 0.181784832 -0.026333769 0.023863198
1597195487.987382412 2.761156300 0.740739042 -0.432510816 0.982752040 0.181648924 -0.025353986 0.023648929
1597195488.087443113 2.908600394 0.770109460 -0.448479329 0.982834148 0.181552308 -0.023530069 0.022850211
1597195488.187353611 3.059032782 0.805200293 -0.463916390 0.982931000 0.181424654 -0.021367334 0.021798668
1597195488.287414312 3.214615179 0.844972417 -0.475969212 0.982991716 0.181476387 -0.019329291 0.020493536
1597195488.387325048 3.373287987 0.888158328 -0.486414608 0.983037214 0.181594355 -0.017475738 0.018865991
1597195488.487385750 3.535210333 0.937394944 -0.495635551 0.983082714 0.181664964 -0.015876933 0.017150561
1597195488.587446451 3.699382304 0.991970308 -0.502837618 0.983130798 0.181664846 -0.014533918 0.015507501
1597195488.687356949 3.863120253 1.050438030 -0.511280815 0.983171568 0.181689017 -0.013246689 0.013685525
1597195488.787267685 4.027416137 1.113150612 -0.519965953 0.983204498 0.181722493 -0.012081129 0.011827816
1597195488.887328386 4.193926464 1.178829217 -0.525240895 0.983235991 0.181736159 -0.011127900 0.009753206
1597195488.987389088 4.363362709 1.246374997 -0.531196188 0.983273920 0.181676576 -0.010270009 0.007781196
1597195489.087299585 4.531665309 1.314733794 -0.535925171 0.983281246 0.181736115 -0.009600564 0.006148642
1597195489.187360287 4.702258010 1.386420231 -0.542423732 0.983288878 0.181777261 -0.008914133 0.004532986
1597195489.287271023 4.877786738 1.459622925 -0.546284869 0.983254511 0.182018653 -0.008494388 0.002760624
1597195489.387331724 5.051400512 1.533797983 -0.554165277 0.983255934 0.182048587 -0.008081526 0.000877068
1597195489.487242460 5.222083077 1.607118650 -0.556855878 0.983183514 0.182448520 -0.007850309 -0.001043340
1597195489.587302923 5.397910963 1.682985171 -0.562052135 0.983162277 0.182561087 -0.007586933 -0.002413484
1597195489.687213659 5.573777207 1.759814765 -0.564276540 0.983122972 0.182753557 -0.007425611 -0.003901124
1597195489.787274361 5.746782542 1.835393003 -0.566714345 0.983104488 0.182831461 -0.007129316 -0.005234154
1597195489.887185097 5.926231637 1.909638333 -0.572566400 0.983071155 0.182979970 -0.006911218 -0.006455169
1597195489.987245798 6.107102306 1.990293636 -0.578202887 0.983046993 0.183076373 -0.006617682 -0.007606375
1597195490.087156296 6.282315418 2.065324468 -0.578850817 0.983044425 0.183049151 -0.006690454 -0.008479682
1597195490.187216997 6.461818791 2.138219973 -0.585217769 0.982998768 0.183266254 -0.006440259 -0.009242549
1597195490.287127733 6.636225456 2.209362984 -0.587905876 0.982993821 0.183259975 -0.006209307 -0.010018687
1597195490.387188435 6.822517855 2.287266122 -0.594174611 0.982994024 0.183241463 -0.006142261 -0.010372410
1597195490.487248898 7.007817714 2.363605296 -0.598703280 0.983009320 0.183138428 -0.006011318 -0.010810032
1597195490.587159634 7.185906855 2.431748294 -0.603647038 0.982995767 0.183202520 -0.005674418 -0.011133760
1597195490.687070370 7.370911836 2.500423055 -0.608173389 0.982963399 0.183380857 -0.005464053 -0.011160760
1597195490.787131071 7.562468574 2.574327507 -0.613768876 0.982981806 0.183286707 -0.005303173 -0.011163715
1597195490.887191772 7.751123287 2.642108941 -0.620283910 0.982990988 0.183259133 -0.005076926 -0.010910237
1597195490.987102270 7.931089458 2.706889377 -0.624203689 0.983036163 0.183042009 -0.004864756 -0.010576317
1597195491.087162971 8.118689833 2.772126357 -0.627273091 0.983036176 0.183070520 -0.004908790 -0.010048111
1597195491.187073708 8.303076313 2.836418820 -0.629920778 0.983075852 0.182885716 -0.004907499 -0.009518393
1597195491.287134409 8.491359536 2.896534637 -0.635951507 0.983076744 0.182904886 -0.004840299 -0.009082421
1597195491.387195110 8.677896512 2.956630002 -0.637727342 0.983128015 0.182633899 -0.004933811 -0.008934353
1597195491.487105608 8.866568188 3.016864132 -0.640144549 0.983147997 0.182526211 -0.005004686 -0.008896682
1597195491.587166309 9.059204019 3.077460349 -0.642379022 0.983122644 0.182635157 -0.005136292 -0.009374709
1597195491.687077045 9.244588176 3.135746676 -0.642586574 0.982975321 0.182072253 0.022390047 -0.010387382
1597195491.787137747 9.433033499 3.194713497 -0.632549309 0.981516332 0.181446614 0.059846139 -0.011011604
1597195491.887048244 9.608234494 3.249272075 -0.613138305 0.980686048 0.180993985 0.073358293 -0.010705762
1597195491.987108946 9.768299666 3.298267755 -0.591921231 0.979675974 0.184061433 0.079075972 -0.010166856
1597195492.087019682 9.909922504 3.340059864 -0.570785204 0.973844386 0.210063881 0.086144487 -0.008910973
1597195492.187080383 10.033021972 3.376000975 -0.551542564 0.963828657 0.250611369 0.090468294 -0.006614273
1597195492.287141085 10.140293020 3.405892060 -0.537861212 0.953904855 0.285569727 0.092093223 -0.005856405
1597195492.387051582 10.234194623 3.431415723 -0.529618208 0.946641182 0.309049487 0.091166152 -0.006900776
1597195492.487112284 10.305435724 3.446984382 -0.527641413 0.941486940 0.325115186 0.088510662 -0.008265612
1597195492.587023020 10.358632126 3.453060334 -0.530714908 0.937988381 0.336108705 0.084344990 -0.009729289
1597195492.687083721 10.401641444 3.454149927 -0.537276513 0.935624189 0.343780414 0.079403094 -0.010842187
1597195492.786994219 10.425459224 3.442895814 -0.549625386 0.934109540 0.349089760 0.073815673 -0.011267376
1597195492.887054920 10.431078750 3.430769760 -0.558751207 0.933346334 0.352377957 0.067593651 -0.011202409
1597195492.986965656 10.427015984 3.408052662 -0.574089721 0.932821098 0.354924359 0.061321699 -0.010637077
1597195493.087026358 10.419607540 3.386924713 -0.584686480 0.932695978 0.356419710 0.054396407 -0.009177902
1597195493.187087059 10.398587507 3.356938183 -0.596788301 0.932627575 0.357606963 0.047647442 -0.007265561
1597195493.286997557 10.371743851 3.324956658 -0.606057624 0.932592857 0.358605233 0.040625726 -0.004732859
1597195493.386908293 10.332243152 3.287177990 -0.617354375 0.933901617 0.356631867 0.025294213 -0.001297824
1597195493.486968994 10.284089237 3.248505257 -0.632166297 0.944042504 0.329790371 -0.002598958 0.003912329
1597195493.587029696 10.234898895 3.207872004 -0.643368267 0.960822228 0.276501792 -0.017232274 0.008393680
1597195493.686940193 10.192925647 3.174131139 -0.640290569 0.979224590 0.200808007 -0.025122217 0.012814866
1597195493.787000895 10.156495924 3.143253366 -0.634639186 0.993333123 0.110338835 -0.029103684 0.016359208
1597195493.886911631 10.122962945 3.120237503 -0.626020997 0.999084446 0.023774644 -0.030562810 0.018192034
1597195493.986972332 10.097878942 3.099864196 -0.618717218 0.998638738 -0.038296952 -0.030793986 0.017485564
1597195494.087033033 10.078399730 3.084477220 -0.612961496 0.996191261 -0.080348594 -0.030298830 0.015134620
1597195494.186943531 10.066254691 3.071142146 -0.610539992 0.993648876 -0.108037934 -0.028958270 0.012293667
1597195494.286854267 10.060926760 3.062323299 -0.607219336 0.993071487 -0.113899234 -0.027376712 0.009300613
1597195494.386914968 10.064223477 3.059062481 -0.609239495 0.994803633 -0.098295259 -0.025587485 0.007003862
1597195494.486975670 10.075588481 3.060661377 -0.608062364 0.996625084 -0.078308193 -0.023868690 0.006046089
1597195494.586886168 10.088627826 3.060034308 -0.606575172 0.997647343 -0.064749641 -0.021848642 0.005468110
1597195494.686946869 10.106161223 3.062025050 -0.604204828 0.998247109 -0.055611604 -0.019518938 0.005391592
1597195494.786857605 10.127925698 3.066544237 -0.608723057 0.998615539 -0.049624348 -0.016625155 0.005294606
1597195494.886918306 10.151445781 3.069974589 -0.609338599 0.998858018 -0.045458461 -0.013789323 0.005103232
1597195494.986828804 10.176658565 3.074660236 -0.609405654 0.999022598 -0.042571869 -0.010874478 0.004819754
1597195495.086889505 10.204322793 3.081298735 -0.609601995 0.999131882 -0.040620156 -0.008082603 0.004489741
1597195495.186950207 10.232724553 3.089378540 -0.609585930 0.999205821 -0.039285738 -0.005327732 0.003996788
1597195495.286860943 10.262223189 3.099523423 -0.608717830 0.999258506 -0.038246247 -0.002788710 0.003447455
1597195495.386921644 10.292348721 3.112174712 -0.608934618 0.999284224 -0.037714835 -0.000347462 0.002917178
1597195495.486832142 10.320674955 3.125098923 -0.608103266 0.997969518 -0.037077535 0.049680424 -0.014627109
1597195495.586892843 10.338446306 3.135974829 -0.602781329 0.996110900 -0.036471217 0.076467817 -0.024199127
1597195495.686803579 10.337783686 3.139412962 -0.599616219 0.995398464 -0.035865818 0.084505799 -0.027464719
1597195495.786564112 10.314162354 3.139485882 -0.601234352 0.995472949 -0.035597352 0.083716260 -0.027532249
1597195495.886624813 10.272760980 3.134203296 -0.604117342 0.995905870 -0.035306719 0.078943616 -0.026321859
1597195495.986535549 10.214559359 3.125629487 -0.609248432 0.996433709 -0.035110288 0.072704181 -0.024520072
1597195496.086596251 10.146093078 3.114539924 -0.615748098 0.996939645 -0.035032339 0.066093828 -0.022708691
1597195496.186506987 10.066357610 3.099850784 -0.622931584 0.997387988 -0.034976779 0.059645761 -0.020885649
1597195496.286567450 9.973023886 3.083349581 -0.630673318 0.997764816 -0.035026782 0.053580534 -0.019173495
1597195496.386478186 9.871190946 3.061610313 -0.636076207 0.998079421 -0.035049547 0.047979782 -0.017519676
1597195496.486538887 9.758371497 3.040114480 -0.641604836 0.998338013 -0.035065538 0.042913974 -0.015811738
1597195496.586449623 9.639549427 3.013065842 -0.642400055 0.998549374 -0.035125099 0.038192102 -0.014378415
1597195496.686510086 9.510848395 2.984505290 -0.644876786 0.998699745 -0.035293649 0.034333815 -0.013204812
1597195496.786570787 9.376093676 2.955560993 -0.645106058 0.998833418 -0.035407589 0.030618495 -0.011858080
1597195496.886481524 9.235542416 2.924247454 -0.645278022 0.998935093 -0.035493175 0.027476155 -0.010675961
1597195496.986542225 9.089583517 2.890646631 -0.642210414 0.999017852 -0.035600880 0.024572215 -0.009597699
1597195497.086452961 8.939570443 2.853963832 -0.641133334 0.999085612 -0.035602453 0.022027484 -0.008671523
1597195497.186513424 8.783933816 2.816518653 -0.638384340 0.999137475 -0.035685329 0.019746385 -0.007806626
1597195497.286574125 8.624553246 2.775595873 -0.635454236 0.999175038 -0.035795667 0.017749237 -0.007271686
1597195497.386484861 8.461761366 2.735435378 -0.634075558 0.999206938 -0.035857875 0.015925077 -0.006789643
1597195497.486395597 8.293957234 2.693471218 -0.633505888 0.999233080 -0.035867266 0.014358980 -0.006372653
1597195497.586456299 8.125159078 2.650858053 -0.631407640 0.999333109 -0.035909951 0.005435781 -0.003776914
1597195497.686516762 7.955333725 2.606750877 -0.623856214 0.998396295 -0.035649807 -0.042945073 0.009468369
1597195497.786427498 7.792304117 2.567762324 -0.604779436 0.997306283 -0.035578195 -0.062404971 0.014832019
1597195497.886488199 7.644628233 2.530772703 -0.581425379 0.996933494 -0.035397576 -0.067856935 0.016311230
1597195497.986398935 7.510542509 2.498548587 -0.563484787 0.995722777 -0.052172607 -0.073977496 0.018479730
1597195498.086459398 7.390890022 2.466765456 -0.550660156 0.991648099 -0.100996842 -0.077499871 0.020675002
1597195498.186520100 7.286885705 2.441174687 -0.535296546 0.981478814 -0.173760235 -0.077345999 0.022897912
1597195498.286430836 7.194210650 2.415511909 -0.524117991 0.962015514 -0.261873074 -0.073199916 0.024298482
1597195498.386491537 7.113975627 2.391449290 -0.516809853 0.930941485 -0.358463938 -0.064994436 0.025045571
1597195498.486402273 7.044882012 2.368708370 -0.513100805 0.886814011 -0.458346284 -0.053239167 0.025400493
1597195498.586462736 6.990933344 2.346540482 -0.513882909 0.829246771 -0.556914402 -0.038733593 0.026378990
1597195498.686373472 6.946101254 2.324646945 -0.516148449 0.758607822 -0.650536615 -0.022964579 0.028087601
1597195498.786134243 6.906709066 2.302605171 -0.518592471 -0.675787648 0.736380507 0.007505231 -0.031598646
1597195498.885744810 6.872104648 2.283813160 -0.519993169 -0.581910437 0.812392505 -0.006193668 -0.036882252
1597195498.985805511 6.844308859 2.270317867 -0.524128005 -0.477921654 0.877175539 -0.016762373 -0.043278056
1597195499.085716009 6.827453878 2.267079704 -0.528589309 -0.366046425 0.928964878 -0.022744129 -0.050169464
1597195499.185776711 6.816071251 2.271454850 -0.529096577 -0.249981844 0.966351563 -0.023053592 -0.056055925
1597195499.285837412 6.810895932 2.286877767 -0.532596169 -0.150594454 0.986611776 -0.018514153 -0.059797497
1597195499.385748148 6.830001145 2.310453765 -0.540056353 -0.081724905 0.994768129 -0.010221542 -0.060439468
1597195499.485808849 6.849798777 2.335239806 -0.543593670 -0.044833483 0.997367574 -0.000868604 -0.056983566
1597195499.585719347 6.865109048 2.356227543 -0.558012011 -0.037928625 0.997977395 0.006199005 -0.050637047
1597195499.685780048 6.908131170 2.376444071 -0.564860402 -0.055994904 0.997442619 0.010888013 -0.043060933
1597195499.785840750 6.960554566 2.396564289 -0.563369700 -0.088329614 0.995413844 0.012407022 -0.034572020
1597195499.885751486 7.023239627 2.417085366 -0.563079245 -0.123906133 0.991886345 0.011145987 -0.026163256
1597195499.985812187 7.078829828 2.430665487 -0.559020604 -0.155052064 0.987721236 0.008283332 -0.017233802
1597195500.085722685 7.154499390 2.451576916 -0.560014193 -0.177138900 0.984125744 0.005250352 -0.009527023
1597195500.185783386 7.235775029 2.469951622 -0.559075192 -0.191944746 0.981399912 0.002739684 -0.001980267
1597195500.285844088 7.314963457 2.487111854 -0.557857379 -0.201884595 0.979396322 0.001192318 0.004902382
1597195500.385754824 7.387150149 2.502942590 -0.556227110 -0.208618617 0.977932723 0.000102693 0.011218328
1597195500.485665321 7.461147701 2.517610813 -0.552527265 -0.212991124 0.976908560 -0.000294882 0.016862970
1597195500.585726023 7.532887206 2.531779545 -0.549241706 -0.215907254 0.976172534 -0.000037416 0.021708062
1597195500.685786724 7.605517369 2.546827462 -0.546661121 -0.217819453 0.975655808 0.000439020 0.025499748
1597195500.785697460 7.665847123 2.558493143 -0.543229570 -0.219060645 0.975287041 0.001020353 0.028750320
1597195500.885758162 7.712033779 2.571167842 -0.538273266 -0.220108283 0.974969981 0.001338871 0.031370158
1597195500.985668659 7.754982138 2.578816020 -0.536329824 -0.220581190 0.974810651 0.001658126 0.032945179
1597195501.085729361 7.785627144 2.586938319 -0.532923974 -0.221054273 0.974698104 0.001803639 0.033096238
1597195501.185640097 7.809323096 2.590794672 -0.531058419 -0.221383752 0.974790433 0.000958765 0.027783563
1597195501.285700798 7.827527804 2.593779331 -0.529232868 -0.221627044 0.974811877 0.000637034 0.024956996
1597195501.385761499 7.845967043 2.597357491 -0.528560041 -0.221775287 0.974821114 0.000442953 0.023223292
1597195501.485671997 7.856078574 2.599626597 -0.529550133 -0.221926077 0.974815031 0.000474987 0.022005588
1597195501.585732698 7.873780980 2.602707730 -0.535546984 -0.221805621 0.973329154 0.003640241 0.058475399
1597195501.685793400 7.884801723 2.603603793 -0.551007190 -0.221463015 0.971772011 0.005592573 0.081129621
1597195501.785704136 7.865722257 2.598784560 -0.568118179 -0.221579610 0.971245773 0.006067861 0.086875236
1597195501.885614634 7.836060412 2.589957350 -0.585038717 -0.221860569 0.971346792 0.005781428 0.085028651
1597195501.985675335 7.797721545 2.574236740 -0.602552621 -0.221838538 0.971784426 0.005428973 0.079957601
1597195502.085736036 7.741630754 2.554505435 -0.620733352 -0.221886418 0.972273197 0.004915722 0.073668736
1597195502.185646772 7.670560747 2.530294199 -0.639002358 -0.221964161 0.972727050 0.004433253 0.067188863
1597195502.285707474 7.586604675 2.502430559 -0.656649781 -0.221994766 0.973139392 0.003894207 0.060851311
1597195502.385617971 7.493073585 2.470860431 -0.672731275 -0.221970512 0.973497771 0.003488260 0.054945546
1597195502.485678673 7.387985656 2.436185342 -0.688634109 -0.222037197 0.973777633 0.003024968 0.049471745
1597195502.585589409 7.275323658 2.400528925 -0.703483771 -0.222144355 0.973988345 0.002621362 0.044628668
1597195502.685650110 7.152725086 2.362522949 -0.716288214 -0.222213287 0.974170405 0.002301405 0.040099624
1597195502.785560608 7.023916651 2.322043218 -0.729012363 -0.222119320 0.974352594 0.002122399 0.035993409
1597195502.885621309 6.885346275 2.282941432 -0.738872737 -0.222321588 0.974433139 0.002031609 0.032388908
1597195502.985532045 6.745594275 2.237420138 -0.749319172 -0.222329086 0.974531693 0.001995028 0.029219465
1597195503.085592747 6.599426696 2.193335761 -0.757665161 -0.222386003 0.974600499 0.001697758 0.026371409
1597195503.185653448 6.448823791 2.146012117 -0.768668124 -0.222479951 0.974647304 0.001610456 0.023721531
1597195503.285563946 6.294313511 2.098625073 -0.776368909 -0.222418650 0.974711871 0.001663685 0.021539392
1597195503.385624647 6.135929074 2.048492859 -0.785877998 -0.222253573 0.974791993 0.001634844 0.019525528
1597195503.485685349 5.973054583 1.996454663 -0.794761218 -0.222207082 0.974834589 0.001576713 0.017861974
1597195503.585596085 5.808140000 1.945427918 -0.804775273 -0.222217044 0.974860914 0.001393254 0.016243236
1597195503.685656786 5.639231348 1.898620277 -0.811003454 -0.222567255 0.974802027 0.001273729 0.014939959
1597195503.785567284 5.469476363 1.848446169 -0.816719235 -0.222734189 0.974783152 0.001182823 0.013634080
1597195503.885627985 5.298636703 1.798668295 -0.819699481 -0.222860909 0.974767400 0.001181143 0.012654516
1597195503.985538721 5.127292945 1.742725150 -0.824028451 -0.222637687 0.974555475 -0.001747766 -0.025904268
1597195504.085599422 4.961811217 1.690918688 -0.815697757 -0.222296677 0.973180223 -0.004609675 -0.059018570
1597195504.185660124 4.807912344 1.645167967 -0.797653097 -0.222192490 0.972405099 -0.005571409 -0.070906847
1597195504.285570621 4.665774889 1.602727218 -0.780704407 -0.229829728 0.970170447 -0.005549749 -0.076920739
1597195504.385631323 4.538071453 1.561516309 -0.772951362 -0.267183404 0.960061874 -0.003826071 -0.082943280
1597195504.485542059 4.422857466 1.525165403 -0.760015931 -0.329737992 0.940171004 -0.000849380 -0.085735750
1597195504.585602760 4.326023293 1.493995424 -0.751633585 -0.408817640 0.908618731 0.002155936 -0.085296489
1597195504.685513258 4.244232092 1.470120845 -0.746579899 -0.496293293 0.864393093 0.004705927 -0.080594061
1597195504.785573959 4.173127013 1.452556813 -0.744871412 -0.586594926 0.806650553 0.006934026 -0.071924938
1597195504.885184526 4.117890140 1.442684190 -0.749246169 -0.674095754 0.736178454 0.009338779 -0.059573370
1597195504.985095263 4.074631877 1.438123018 -0.755003289 0.753574747 -0.655729249 -0.012524880 0.044580046
1597195505.085155964 4.039342021 1.442034773 -0.767589722 0.811505262 -0.583389253 -0.015977466 0.029341273
1597195505.185216665 4.009168888 1.447767798 -0.778305722 0.847138487 -0.530778048 -0.018922913 0.016521860
1597195505.285127401 3.981420572 1.453593844 -0.785235803 0.868524659 -0.495131322 -0.021591402 0.006610709
1597195505.385187864 3.959429375 1.459084601 -0.793610798 0.874347432 -0.484747641 -0.023156199 0.000288572
1597195505.485098600 3.941852945 1.459817595 -0.796956452 0.866876563 -0.497999192 -0.022677099 -0.002752930
1597195505.585159302 3.929547242 1.457461118 -0.797097561 0.851925850 -0.523266708 -0.020106797 -0.003164630
1597195505.685070038 3.917551852 1.455134276 -0.795130641 0.839834371 -0.542600880 -0.015980050 -0.002674524
1597195505.785130501 3.907046053 1.453559996 -0.794078988 0.831380858 -0.555572596 -0.011883736 -0.001932946
1597195505.885041237 3.898828508 1.448344053 -0.796986998 0.825665130 -0.564099797 -0.008230200 -0.000880956
1597195505.985101938 3.893599366 1.444865988 -0.795138075 0.821679594 -0.569920968 -0.005721150 -0.000053698
1597195506.085162640 3.887530386 1.438691003 -0.796442890 0.819062826 -0.573691391 -0.003715144 0.000686942
1597195506.185073376 3.882991957 1.432457805 -0.797843257 0.817279774 -0.576235728 -0.002246644 0.001053371
1597195506.285133839 3.876819391 1.426866282 -0.798007679 0.816132054 -0.577862956 -0.001237349 0.001159451
1597195506.385044575 3.878531974 1.419818202 -0.800700167 0.815140854 -0.579260873 -0.000619469 0.001358258
1597195506.485105276 3.878815263 1.413773253 -0.802216294 0.814548381 -0.580094100 -0.000262253 0.001303883
1597195506.585016012 3.877272855 1.409028519 -0.802929863 0.814151256 -0.580651670 -0.000038839 0.001170141
1597195506.685076714 3.874623717 1.403913525 -0.800930482 0.813682463 -0.580707919 -0.023150895 -0.012774898
1597195506.784987211 3.877151032 1.395319841 -0.799391283 0.812304674 -0.580225727 -0.051208295 -0.029613046
1597195506.885047913 3.886918680 1.377551471 -0.796855722 0.811371196 -0.580196216 -0.061469899 -0.035645250
1597195506.985108614 3.897353444 1.347696625 -0.797897982 0.811220615 -0.580215883 -0.062790368 -0.036441922
1597195507.085019350 3.916259373 1.305043022 -0.800904877 0.811185894 -0.580630728 -0.060216466 -0.034919617
1597195507.185079813 3.938969180 1.249244332 -0.805398702 0.811419211 -0.580882384 -0.055914867 -0.032373570
1597195507.284990549 3.967504057 1.182156954 -0.810081585 0.811627932 -0.581184789 -0.051136259 -0.029486000
1597195507.385051250 4.001697983 1.104736894 -0.815528749 0.811791336 -0.581501327 -0.046317714 -0.026565080
1597195507.485111952 4.039234765 1.018428180 -0.819582501 0.811996051 -0.581688666 -0.041617392 -0.023847459
1597195507.585022688 4.081119742 0.923317096 -0.822386259 0.812253645 -0.581706946 -0.037438135 -0.021434357
1597195507.685083151 4.127660793 0.821933748 -0.824538692 0.812334157 -0.581918132 -0.033491662 -0.019047657
1597195507.784993887 4.176848446 0.714198528 -0.826383542 0.812412197 -0.582071456 -0.029815013 -0.017038398
1597195507.885054588 4.229611914 0.599988347 -0.824963848 0.812447288 -0.582226841 -0.026642381 -0.015214934
1597195507.984965324 4.284593514 0.481367838 -0.824079933 0.812395850 -0.582466882 -0.023649293 -0.013639152
1597195508.084875822 4.339746081 0.357439698 -0.821500606 0.812417635 -0.582565002 -0.021084389 -0.012290384
1597195508.184936523 4.396736423 0.230323577 -0.820021951 0.812466163 -0.582600065 -0.018839128 -0.010999293
1597195508.284997225 4.456212227 0.099328615 -0.815187510 0.812449453 -0.582704783 -0.016761172 -0.010004285
1597195508.384907961 4.511724332 -0.032858003 -0.812282216 0.812687178 -0.582443244 -0.014755409 -0.009038570
1597195508.484968662 4.574553518 -0.169391354 -0.808180649 0.812698816 -0.582480498 -0.012995148 -0.008260152
1597195508.584879160 4.635013814 -0.308855218 -0.804788150 0.812809522 -0.582370710 -0.011385211 -0.007444084
1597195508.684939861 4.698322361 -0.449832340 -0.797320268 0.812862062 -0.582328651 -0.010045104 -0.006906937
1597195508.784850597 4.761130438 -0.595285665 -0.790849400 0.812805018 -0.582433144 -0.008791094 -0.006507788
1597195508.884911299 4.826463114 -0.740040887 -0.786234113 0.812799774 -0.582459155 -0.007748500 -0.006149845
1597195508.984821796 4.894171372 -0.891853997 -0.778287681 0.812842296 -0.582413528 -0.007086539 -0.005627132
1597195509.084882498 4.962291567 -1.047371277 -0.770409470 0.813016746 -0.582180289 -0.006434850 -0.005336127
1597195509.184943199 5.027173916 -1.200764591 -0.762179509 0.813345040 -0.581729397 -0.005787268 -0.005221339
1597195509.284853935 5.100362185 -1.364738549 -0.752783984 0.813593684 -0.581385404 -0.005374912 -0.005238250
1597195509.384914637 5.171926630 -1.521155273 -0.743372609 0.813682669 -0.581265533 -0.005181105 -0.004904193
1597195509.484825134 5.234210872 -1.663172858 -0.737599526 0.813686154 -0.581267499 -0.004679308 -0.004587074
1597195509.584885836 5.304315680 -1.820835016 -0.731033946 0.813716089 -0.581229584 -0.004239972 -0.004507716
1597195509.684946537 5.373787761 -1.977392198 -0.724976107 0.813795994 -0.581120140 -0.003721112 -0.004649283
1597195509.784857273 5.440358294 -2.130079837 -0.720745133 0.813875157 -0.581012191 -0.003573253 -0.004392544
1597195509.884917974 5.507893999 -2.281236809 -0.714973835 0.813960766 -0.580895772 -0.003359627 -0.004084859
1597195509.984828472 5.578992128 -2.439513512 -0.708445499 0.813976913 -0.580874709 -0.003120749 -0.004051907
1597195510.084889174 5.649080865 -2.597960890 -0.700952442 0.814019898 -0.580815171 -0.002887511 -0.004123664
1597195510.184949875 5.718668480 -2.757227174 -0.694675278 0.814069814 -0.580747347 -0.002838361 -0.003847242
1597195510.284860611 5.789281685 -2.919204084 -0.687278325 0.814043887 -0.580784030 -0.002909458 -0.003741073
1597195510.384771109 5.857966378 -3.077597722 -0.680975680 0.814115553 -0.580684882 -0.002827506 -0.003597178
1597195510.484831810 5.932348466 -3.241453737 -0.672469478 0.814095444 -0.580713731 -0.002729052 -0.003566883
1597195510.584892511 6.002605078 -3.403308340 -0.666609296 0.814205908 -0.580559521 -0.002726488 -0.003456459
1597195510.684803247 6.078874723 -3.573026205 -0.656770131 0.814242213 -0.580508252 -0.002945857 -0.003333065
1597195510.784863949 6.148653946 -3.734345182 -0.650567360 0.814396990 -0.580291041 -0.003041082 -0.003256080
1597195510.884774446 6.220282414 -3.898604597 -0.644144948 0.814502088 -0.580141151 -0.003486610 -0.003230584
1597195510.984535217 6.293787129 -4.061286310 -0.639399919 0.814496660 -0.580151627 -0.003019907 -0.003187496
1597195511.084595919 6.369496748 -4.230238567 -0.634140133 0.814464836 -0.580195598 -0.003224476 -0.003114836
1597195511.184506416 6.446078701 -4.402822287 -0.629222282 0.814388021 -0.580301905 -0.003521106 -0.003074245
1597195511.284567118 6.524136604 -4.581891584 -0.625481742 0.814308926 -0.580412299 -0.003693498 -0.002982445
1597195511.384627819 6.603637152 -4.762825206 -0.621763899 0.814390276 -0.580298818 -0.003703771 -0.002836023
1597195511.484538555 6.679126402 -4.932639526 -0.616989735 0.814574528 -0.580041763 -0.003538327 -0.002715227
1597195511.584599257 6.753162811 -5.098849393 -0.611221124 0.814810524 -0.579709693 -0.003629588 -0.002703493
1597195511.684509754 6.822262292 -5.252548711 -0.606329131 0.815040131 -0.579388971 -0.003475566 -0.002434140
1597195511.784570456 6.895398526 -5.413385221 -0.601085149 0.815151049 -0.579234534 -0.003325473 -0.002250041
1597195511.884481192 6.967519154 -5.572356884 -0.596926026 0.815314606 -0.579005745 -0.003139580 -0.002141027
1597195511.984541893 7.038583046 -5.731526038 -0.590801147 0.815455133 -0.578808547 -0.003093861 -0.002004943
1597195512.084602594 7.109650989 -5.888687909 -0.585386469 0.815551811 -0.578673191 -0.003041367 -0.001825556
1597195512.184513092 7.186789775 -6.059106632 -0.578067704 0.815713008 -0.578445461 -0.003162385 -0.001771223
1597195512.284573793 7.260631361 -6.224686721 -0.571525161 0.815854820 -0.578245091 -0.003186324 -0.001836824
1597195512.384484529 7.338439551 -6.396185180 -0.565649039 0.816001981 -0.578035794 -0.003294410 -0.002129602
1597195512.484545231 7.414263635 -6.563968153 -0.559590937 0.816149836 -0.577825951 -0.003363082 -0.002303128
1597195512.584455729 7.490742602 -6.737461150 -0.554692153 0.816265348 -0.577662112 -0.003478176 -0.002295356
1597195512.684516430 7.559160572 -6.894894283 -0.548195030 0.816352849 -0.577537402 -0.003634314 -0.002316743
1597195512.784427166 7.631379027 -7.058288837 -0.541961530 0.816414364 -0.577449863 -0.003731990 -0.002305409
1597195512.884487867 7.710151075 -7.229408273 -0.535887290 0.816489733 -0.577344244 -0.003833077 -0.001856594
1597195512.984548569 7.791901142 -7.406557453 -0.530359258 0.816540109 -0.577270515 -0.004173474 -0.001893573
1597195513.084459066 7.868589381 -7.573768412 -0.529282509 0.816428291 -0.577222200 0.013731519 0.008415621
1597195513.184519768 7.939120640 -7.727500596 -0.522827735 0.815312311 -0.576581802 0.045604242 0.027194030
1597195513.284430504 8.003132181 -7.870680830 -0.506805998 0.814563011 -0.576212353 0.057329614 0.034347361
1597195513.384491205 8.059729890 -8.006657423 -0.490457486 0.814762463 -0.576364684 0.054196397 0.032072259
1597195513.484401703 8.114013960 -8.134349818 -0.484631795 0.816359519 -0.577280367 0.016660099 0.005191744
1597195513.584462404 8.168620498 -8.261061100 -0.493103900 0.816576184 -0.577188079 -0.001211346 -0.007469261
1597195513.684523106 8.219376770 -8.382212944 -0.510658551 0.816531179 -0.577081587 -0.008943643 -0.013179031
1597195513.784433842 8.275449167 -8.512878109 -0.529679415 0.816585165 -0.576901254 -0.011712502 -0.015376227
1597195513.884344339 8.327561163 -8.643940385 -0.549222942 0.816635085 -0.576819467 -0.012121946 -0.015475713
1597195513.984405041 8.382806294 -8.786086651 -0.566899639 0.816832469 -0.576574372 -0.011465414 -0.014671603
1597195514.084315777 8.438901961 -8.929515708 -0.583458073 0.816955309 -0.576440087 -0.010611943 -0.013719915
1597195514.184376478 8.491724827 -9.076063122 -0.597546266 0.817292296 -0.576011311 -0.009510441 -0.012402543
1597195514.284287214 8.554592793 -9.232852768 -0.609900306 0.817225224 -0.576136324 -0.008846238 -0.011472288
1597195514.384347677 8.604114872 -9.384175818 -0.621667568 0.817397124 -0.575927372 -0.008094150 -0.010202359
1597195514.484258413 8.657916397 -9.531682866 -0.635389071 0.817234039 -0.576186436 -0.007290867 -0.009195670
1597195514.584319115 8.713865217 -9.685102469 -0.646335572 0.817040828 -0.576476951 -0.006780829 -0.008522363
1597195514.684229851 8.770700387 -9.842162873 -0.655834162 0.816881345 -0.576719720 -0.006336433 -0.007686586
1597195514.784290314 8.823533526 -10.003475068 -0.660894186 0.816725575 -0.576946230 -0.006175832 -0.007364970
1597195514.884351015 8.877404478 -10.161707738 -0.669997234 0.816642832 -0.577075176 -0.005858987 -0.006663240
1597195514.984261751 8.940131201 -10.337469526 -0.680528601 0.816376475 -0.577450946 -0.006011574 -0.006611888
1597195515.084322453 8.994648865 -10.498705805 -0.690716579 0.816409638 -0.577412815 -0.005896265 -0.005914227
1597195515.184233189 9.052417395 -10.666463773 -0.696413195 0.815989082 -0.578005227 -0.005930787 -0.006049849
1597195515.284293652 9.101953680 -10.826429109 -0.708731411 0.816012504 -0.577980663 -0.005580293 -0.005550385
1597195515.384354353 9.162162352 -10.997983747 -0.717801813 0.815600294 -0.578560396 -0.005866889 -0.005441384
1597195515.484265089 9.211466002 -11.167120814 -0.730412519 0.815801070 -0.578287541 -0.005757571 -0.004357224
1597195515.584325790 9.271610729 -11.345049656 -0.739124866 0.815702667 -0.578424193 -0.005838776 -0.004529859
1597195515.684236526 9.321051513 -11.515529715 -0.749808994 0.815722530 -0.578401903 -0.005829884 -0.003742313
1597195515.784296989 9.373720654 -11.683280019 -0.757902826 0.815469420 -0.578762549 -0.005846188 -0.003059410
1597195515.884207726 9.429137494 -11.848222678 -0.765573585 0.815172169 -0.579181218 -0.005801414 -0.003129746
1597195515.984268427 9.483333018 -12.023400200 -0.775801790 0.815250030 -0.579073071 -0.005764767 -0.002921359
1597195516.084329128 9.536996362 -12.186906057 -0.777030933 0.815073810 -0.579315526 -0.006114592 -0.003289019
1597195516.184239626 9.590172201 -12.363246054 -0.789942561 0.815175795 -0.579177980 -0.005894594 -0.002558217
1597195516.284300327 9.639311554 -12.539971865 -0.801324852 0.815499958 -0.578722958 -0.005731579 -0.002589340
1597195516.384211063 9.697845662 -12.715130715 -0.813432486 0.815450976 -0.578793674 -0.005656976 -0.002363819
1597195516.484271765 9.751299218 -12.896396277 -0.829463183 0.815600716 -0.578583661 -0.005446701 -0.002598559
1597195516.584182501 9.806448330 -13.075358776 -0.844964140 0.815692239 -0.578456745 -0.005213327 -0.002605108
1597195516.684242964 9.866008387 -13.259354829 -0.857400842 0.815826376 -0.578269946 -0.005030158 -0.002427249
1597195516.784303665 9.927181001 -13.456561621 -0.874198106 0.816090472 -0.577897226 -0.004889739 -0.002688530
1597195516.884214401 9.991934217 -13.637412706 -0.883178190 0.816070070 -0.577925564 -0.004922872 -0.002729046
1597195516.984275103 10.047574591 -13.793291982 -0.889154202 0.815957149 -0.578088252 -0.004824126 -0.002152040
1597195517.084185839 10.110433193 -13.969022971 -0.898315427 0.815916758 -0.578145712 -0.004892751 -0.001854983
1597195517.183796406 10.168008370 -14.136956748 -0.906154373 0.815973213 -0.578067352 -0.004690900 -0.001961654
1597195517.283857107 10.229292959 -14.314448324 -0.916382382 0.816009307 -0.578017923 -0.004471356 -0.002024431
1597195517.383917570 10.296095133 -14.502403884 -0.925610247 0.816084870 -0.577908953 -0.004622025 -0.002316107
1597195517.483828306 10.358394517 -14.679359098 -0.935590059 0.816277500 -0.577635004 -0.004474287 -0.002970821
1597195517.583889008 10.430306996 -14.880303408 -0.951830426 0.816465035 -0.577366666 -0.004513547 -0.003493980
1597195517.683799744 10.497178143 -15.065769823 -0.965617410 0.816574678 -0.577210821 -0.004498827 -0.003636371
1597195517.783860445 10.559036344 -15.242561407 -0.978123414 0.816706270 -0.577022937 -0.004392949 -0.004012548
1597195517.883770943 10.622674045 -15.415137919 -0.988322688 0.816651859 -0.577101509 -0.004215255 -0.003977509
1597195517.983831644 10.688067249 -15.594822078 -0.999642912 0.816587500 -0.577194048 -0.004075435 -0.003908640
1597195518.083892345 10.752197953 -15.770077576 -1.009437326 0.816540230 -0.577259618 -0.004071450 -0.004100014
1597195518.183803082 10.817459004 -15.953887866 -1.020824377 0.816517305 -0.577291542 -0.003941707 -0.004292836
1597195518.283863783 10.887937681 -16.145287085 -1.033590391 0.816577194 -0.577205341 -0.003907920 -0.004517619
1597195518.383774281 10.957115385 -16.336435163 -1.046948792 0.816609827 -0.577159536 -0.003762120 -0.004594156
1597195518.483834982 11.025857550 -16.525061220 -1.062942911 0.816633261 -0.577128167 -0.003546159 -0.004540952
1597195518.583745718 11.092013511 -16.709706449 -1.076419654 0.816619189 -0.577147823 -0.003496603 -0.004611350
1597195518.683506250 11.158285411 -16.898610977 -1.089631232 0.816662461 -0.577086161 -0.003582956 -0.004598888
1597195518.783566952 11.223054018 -17.080191587 -1.101888094 0.816612830 -0.577160234 -0.003420757 -0.004224841
1597195518.883477688 11.286633118 -17.258773017 -1.112244173 0.816579874 -0.577208776 -0.003267146 -0.004082048
1597195518.983538389 11.349386754 -17.434393876 -1.121240004 0.816360344 -0.577522432 -0.002964058 -0.003852727
1597195519.083448887 11.408517226 -17.601263646 -1.126429965 0.815522131 -0.577475544 0.031304554 0.021579503
1597195519.183509588 11.464179809 -17.760231327 -1.116699270 0.814159506 -0.577253019 0.050935583 0.036452932
1597195519.283420324 11.519864045 -17.913313114 -1.102594114 0.813426215 -0.577358173 0.057269994 0.041418363
1597195519.383481026 11.570551226 -18.049770020 -1.090258126 0.817585629 -0.571114050 0.058807998 0.043864573
1597195519.483541727 11.615882884 -18.173614857 -1.081298522 0.838871530 -0.539594236 0.055538217 0.045256201
1597195519.583452225 11.648800524 -18.270991807 -1.068571754 0.872300323 -0.484357901 0.047983872 0.046766642
1597195519.683512926 11.677948593 -18.349069794 -1.054853585 0.910192478 -0.409503389 0.037869911 0.049218872
1597195519.783423662 11.708288793 -18.428428921 -1.045487482 0.945873724 -0.319047033 0.027143747 0.052868756
1597195519.883484364 11.731605062 -18.484395307 -1.040187742 0.974352594 -0.216732285 0.016977463 0.058102533
1597195519.983394861 11.754764838 -18.533785668 -1.038936327 0.992281701 -0.105906079 0.009189301 0.063847363
1597195520.083455563 11.780756135 -18.582012169 -1.040318734 0.997554218 0.010825329 0.004919378 0.068878115
1597195520.183366299 11.806473130 -18.617673348 -1.041546117 0.988929349 0.129962658 0.004194054 0.071490278
1597195520.283427000 11.827704680 -18.629556933 -1.045046634 0.965838424 0.249267424 0.006802286 0.070538066
1597195520.383487701 11.842336412 -18.624383915 -1.049327406 0.928064388 0.366485225 0.011239896 0.065259000
1597195520.483398199 11.846179373 -18.602987216 -1.055755063 0.876013674 0.478825099 0.015854474 0.055454520
1597195520.583458900 11.852307088 -18.594912462 -1.056358816 0.809865411 0.584823213 0.018602410 0.041878103
1597195520.683369637 11.847287111 -18.575735097 -1.058732768 0.731308775 0.681272593 0.018653143 0.026593065
1597195520.783430338 11.824970798 -18.549105069 -1.062648850 0.644133132 0.764649903 0.016313996 0.011699950
1597195520.883340836 11.798028434 -18.534258282 -1.059600770 0.568128424 0.822856547 0.011655585 -0.001159400
1597195520.983401537 11.778933439 -18.506578348 -1.070543260 0.512261799 0.858744893 0.006461848 -0.010163829
1597195521.083462238 11.758909356 -18.476153087 -1.073114800 0.478517130 0.877942659 0.000762345 -0.015409802
1597195521.183372974 11.750822820 -18.458772263 -1.078880311 0.471746715 0.881544966 -0.003541362 -0.017915598
1597195521.283433676 11.740172863 -18.445088060 -1.082064205 0.488948073 0.872111162 -0.004615267 -0.018182456
1597195521.383344173 11.732545548 -18.429497262 -1.077922399 0.519108812 0.854531892 -0.004324259 -0.016810366
1597195521.483404875 11.730541246 -18.413807779 -1.073634514 0.543982936 0.838960270 -0.002924190 -0.014821616
1597195521.583315611 11.727568276 -18.401874365 -1.071550711 0.560727019 0.827906745 -0.000990009 -0.012435877
1597195521.683376312 11.713347961 -18.378798734 -1.074844050 0.572138524 0.820092738 0.000919315 -0.010225772
1597195521.783286810 11.707969606 -18.363455436 -1.074555663 0.579658230 0.814814780 0.002192529 -0.008270649
1597195521.883347511 11.704492561 -18.351378216 -1.073075846 0.584805368 0.811142852 0.002925500 -0.006434030
1597195521.983408213 11.702712181 -18.337916032 -1.072593887 0.587978396 0.808853795 0.003222720 -0.005153395
1597195522.083318949 11.702093002 -18.327747200 -1.072479018 0.590198503 0.807240610 0.003274072 -0.004195877
1597195522.183379650 11.700844694 -18.320609901 -1.074495819 0.591646068 0.806182947 0.003235679 -0.003676573
1597195522.283290148 11.699156766 -18.314175394 -1.075716502 0.592809331 0.805331208 0.003002716 -0.003118742
1597195522.383350849 11.698079630 -18.307480787 -1.076334103 0.593509366 0.804818554 0.002590589 -0.002648731
1597195522.483261585 11.697214904 -18.302794819 -1.077142417 0.593991762 0.804464281 0.002296681 -0.002394186
1597195522.583322287 11.697675094 -18.298089951 -1.079433292 0.591269951 0.800225228 -0.079283733 0.061265974
1597195522.683382988 11.696159255 -18.273787239 -1.091318655 0.585463193 0.792216864 -0.132792455 0.109505497
1597195522.783293486 11.692458613 -18.216899409 -1.114318781 0.583278872 0.788984310 -0.147933925 0.124117163
1597195522.883354187 11.686485392 -18.125737715 -1.150432365 0.583633313 0.788972422 -0.146992580 0.123644067
1597195522.983264923 11.678582833 -18.001159109 -1.195540062 0.584809809 0.790390653 -0.139730975 0.117283237
1597195523.083325624 11.668018172 -17.840159506 -1.245543204 0.586558484 0.791948195 -0.130177812 0.108724138
1597195523.183236122 11.655531352 -17.645610208 -1.296678782 0.588176601 0.793555270 -0.119978256 0.099616957
1597195523.283146858 11.641122572 -17.419055942 -1.345192014 0.589670151 0.794995225 -0.109895513 0.090524483
1597195523.383207560 11.625613538 -17.163493610 -1.388405256 0.590927689 0.796321808 -0.100012798 0.081691402
1597195523.483118296 11.607743731 -16.881168441 -1.425626280 0.592074322 0.797435983 -0.090263986 0.073459254
1597195523.583178759 11.587001517 -16.573414473 -1.455174975 0.593099471 0.798332374 -0.080929202 0.065946208
1597195523.683239460 11.565749315 -16.243764041 -1.477176460 0.593884019 0.799184275 -0.071826162 0.058713453
1597195523.783150196 11.543972001 -15.895859742 -1.492024536 0.594684570 0.799830845 -0.063067572 0.051413642
1597195523.883060932 11.520400147 -15.530632689 -1.499503623 0.595603023 0.800312255 -0.053566135 0.043451146
1597195523.983121634 11.497805400 -15.150971703 -1.498380208 0.596497971 0.800943262 -0.040579256 0.032146320
1597195524.083032131 11.476388591 -14.761141665 -1.484544367 0.597129437 0.801542668 0.024538648 -0.019069389
1597195524.183092833 11.456034756 -14.381431501 -1.426536083 0.597039972 0.798493143 0.066567683 -0.038996356
1597195524.283153534 11.433880460 -14.019507811 -1.350828555 0.600900546 0.797946969 0.034260948 0.032021171
1597195524.383064270 11.406250984 -13.661876345 -1.306447743 0.601415645 0.795827558 0.019228237 0.067734743
1597195524.483124971 11.369112536 -13.301794019 -1.290005144 0.601233751 0.794661134 0.013553725 0.082752377
1597195524.583035469 11.314577042 -12.938323639 -1.285692535 0.601057213 0.794379327 0.012667287 0.086782785
1597195524.683096170 11.249295453 -12.565367243 -1.285047142 0.601121229 0.794516086 0.013539706 0.084936051
1597195524.783006907 11.170170792 -12.186335956 -1.280026199 0.601091913 0.794988842 0.014866885 0.080375546
1597195524.883067608 11.075206935 -11.801118335 -1.269475917 0.601212353 0.795451463 0.015778095 0.074509928
1597195524.983128071 10.963760920 -11.409932628 -1.255620110 0.601578539 0.795733698 0.016241892 0.068171428
1597195525.083038807 10.837667567 -11.017733085 -1.232442536 0.602068157 0.795880438 0.016358286 0.061811559
1597195525.183099508 10.700468988 -10.616123055 -1.206669232 0.602579049 0.795844202 0.017473157 0.056790716
1597195525.283010244 10.554466732 -10.207083920 -1.176559971 0.602504591 0.796091702 0.019846656 0.053219652
1597195525.383070946 10.393732632 -9.799099003 -1.151068086 0.602937170 0.795841903 0.023986323 0.050270170
1597195525.482981443 10.221496917 -9.389258817 -1.128434935 0.602985098 0.795743394 0.029888658 0.048042588
1597195525.583042145 10.044121091 -8.973388075 -1.102178328 0.602558855 0.795795472 0.038440278 0.046419157
1597195525.683102846 9.852647928 -8.557894078 -1.074637881 0.601598605 0.795769938 0.053061765 0.044875088
1597195525.783013582 9.647710816 -8.151050443 -1.046734748 0.599159516 0.795328613 0.083215085 0.039185725
1597195525.883074284 9.429198061 -7.759071072 -1.007080158 0.589239937 0.800038601 0.097512022 -0.056797354
1597195525.982984781 9.201582268 -7.387509546 -0.943109062 0.588698259 0.806804005 0.030659088 -0.039518055
1597195526.083045483 8.978033795 -7.030032133 -0.901104202 0.588140639 0.808461873 -0.019410863 -0.010159087
1597195526.182956219 8.758875266 -6.673132384 -0.901460733 0.587111792 0.808231187 -0.045300669 0.003153022
1597195526.282866716 8.547107711 -6.313693206 -0.925446213 0.586574935 0.807824709 -0.057340529 0.007819770
1597195526.382777452 8.338674147 -5.947209452 -0.957787771 0.586313403 0.807582062 -0.063153588 0.007709136
1597195526.482838154 8.137734223 -5.578090783 -0.992476560 0.586415242 0.807274742 -0.066365166 0.004507818
1597195526.582748890 7.940092821 -5.191009053 -1.021275215 0.586715145 0.806838001 -0.069113956 -0.001019123
1597195526.682809353 7.749737913 -4.786452647 -1.044407397 0.586857031 0.806361132 -0.072831286 -0.008726648
1597195526.782870054 7.572373505 -4.375547341 -1.059492781 0.587106020 0.805412863 -0.078777850 -0.020265552
1597195526.882780790 7.404970545 -3.951128793 -1.068337065 0.587372598 0.803438046 -0.088493466 -0.040615803
1597195526.982841492 7.263783960 -3.528364094 -1.071967696 0.587858717 0.798329980 -0.098862299 -0.085543077
1597195527.082752228 7.148692409 -3.102298148 -1.051301879 0.599742886 0.789586069 0.017959891 -0.128606973
1597195527.182812691 7.058883241 -2.704071278 -0.978471714 0.602772894 0.779248055 0.081957494 -0.150732466
1597195527.282873392 7.002524537 -2.368981419 -0.862362113 0.604536321 0.773785076 0.108457871 -0.155014137
1597195527.382784128 6.953448771 -2.068731427 -0.750044661 0.606537309 0.772233525 0.115192606 -0.149995127
1597195527.482844830 6.907277536 -1.779992734 -0.668270084 0.608742544 0.772788190 0.111649535 -0.140589157
1597195527.582755566 6.865561270 -1.519551306 -0.614423075 0.610907342 0.774259947 0.103344410 -0.128971651
1597195527.682816029 6.829473313 -1.283860204 -0.587859524 0.612803038 0.776004599 0.093020025 -0.116775740
1597195527.782726765 6.800800767 -1.074197241 -0.581080732 0.614480004 0.777582291 0.082196382 -0.104994576
1597195527.882787466 6.780874011 -0.887857854 -0.592453677 0.615590844 0.779129305 0.072055115 -0.093880237
1597195527.982848167 6.764882253 -0.725412007 -0.616256107 0.616410326 0.780441694 0.062747344 -0.083736744
1597195528.082758665 6.752896170 -0.578131377 -0.645407266 0.617322167 0.781272925 0.054749404 -0.074353624
1597195528.182819366 6.747936766 -0.455348405 -0.679516931 0.617686070 0.782171276 0.047540734 -0.066422077
